#	Label	BJD_TDB	J.D.-2400000	rel_flux_T1	AIRMASS	JD_UTC
1	TOI3726v4-0240_R_bin4_out.fits	2460672.770019	60672.764010	0.157137	1.006585	2460672.764010
2	TOI3726v4-0241_R_bin4_out.fits	2460672.770753	60672.764744	0.155560	1.006793	2460672.764744
3	TOI3726v4-0242_R_bin4_out.fits	2460672.771486	60672.765478	0.156988	1.007016	2460672.765478
4	TOI3726v4-0243_R_bin4_out.fits	2460672.772221	60672.766212	0.156677	1.007254	2460672.766212
5	TOI3726v4-0244_R_bin4_out.fits	2460672.772953	60672.766944	0.157049	1.007506	2460672.766944
6	TOI3726v4-0245_R_bin4_out.fits	2460672.773687	60672.767678	0.155550	1.007772	2460672.767678
7	TOI3726v4-0246_R_bin4_out.fits	2460672.774420	60672.768411	0.155307	1.008052	2460672.768411
8	TOI3726v4-0247_R_bin4_out.fits	2460672.775153	60672.769144	0.156026	1.008347	2460672.769144
9	TOI3726v4-0248_R_bin4_out.fits	2460672.775886	60672.769877	0.157080	1.008656	2460672.769877
10	TOI3726v4-0249_R_bin4_out.fits	2460672.776619	60672.770610	0.157129	1.008980	2460672.770610
11	TOI3726v4-0250_R_bin4_out.fits	2460672.777351	60672.771342	0.157362	1.009318	2460672.771342
12	TOI3726v4-0251_R_bin4_out.fits	2460672.778086	60672.772077	0.157064	1.009672	2460672.772077
13	TOI3726v4-0252_R_bin4_out.fits	2460672.778821	60672.772812	0.156759	1.010040	2460672.772812
14	TOI3726v4-0253_R_bin4_out.fits	2460672.779555	60672.773546	0.155375	1.010422	2460672.773546
15	TOI3726v4-0254_R_bin4_out.fits	2460672.780289	60672.774280	0.156664	1.010819	2460672.774280
16	TOI3726v4-0255_R_bin4_out.fits	2460672.781023	60672.775015	0.156286	1.011231	2460672.775015
17	TOI3726v4-0256_R_bin4_out.fits	2460672.781758	60672.775749	0.156141	1.011658	2460672.775749
18	TOI3726v4-0257_R_bin4_out.fits	2460672.782490	60672.776481	0.157110	1.012098	2460672.776481
19	TOI3726v4-0258_R_bin4_out.fits	2460672.783223	60672.777214	0.156507	1.012552	2460672.777214
20	TOI3726v4-0259_R_bin4_out.fits	2460672.783956	60672.777947	0.156246	1.013022	2460672.777947
21	TOI3726v4-0260_R_bin4_out.fits	2460672.784689	60672.778680	0.156230	1.013507	2460672.778680
22	TOI3726v4-0261_R_bin4_out.fits	2460672.785422	60672.779414	0.156921	1.014006	2460672.779414
23	TOI3726v4-0262_R_bin4_out.fits	2460672.786156	60672.780147	0.157073	1.014520	2460672.780147
24	TOI3726v4-0263_R_bin4_out.fits	2460672.786889	60672.780881	0.157010	1.015050	2460672.780881
25	TOI3726v4-0264_R_bin4_out.fits	2460672.787622	60672.781614	0.156850	1.015593	2460672.781614
26	TOI3726v4-0265_R_bin4_out.fits	2460672.788356	60672.782347	0.156222	1.016153	2460672.782347
27	TOI3726v4-0266_R_bin4_out.fits	2460672.789090	60672.783081	0.155642	1.016727	2460672.783081
28	TOI3726v4-0267_R_bin4_out.fits	2460672.789823	60672.783814	0.156588	1.017315	2460672.783814
29	TOI3726v4-0268_R_bin4_out.fits	2460672.790555	60672.784547	0.156278	1.017919	2460672.784547
30	TOI3726v4-0269_R_bin4_out.fits	2460672.791290	60672.785281	0.155816	1.018539	2460672.785281
31	TOI3726v4-0270_R_bin4_out.fits	2460672.792023	60672.786015	0.156205	1.019173	2460672.786015
32	TOI3726v4-0272_R_bin4_out.fits	2460672.793491	60672.787482	0.156367	1.020487	2460672.787482
33	TOI3726v4-0273_R_bin4_out.fits	2460672.794224	60672.788215	0.156111	1.021167	2460672.788215
34	TOI3726v4-0274_R_bin4_out.fits	2460672.794955	60672.788947	0.156791	1.021860	2460672.788947
35	TOI3726v4-0276_R_bin4_out.fits	2460672.796421	60672.790413	0.156303	1.023295	2460672.790413
36	TOI3726v4-0277_R_bin4_out.fits	2460672.797155	60672.791146	0.156882	1.024036	2460672.791146
37	TOI3726v4-0278_R_bin4_out.fits	2460672.797888	60672.791880	0.155796	1.024792	2460672.791880
38	TOI3726v4-0280_R_bin4_out.fits	2460672.799354	60672.793346	0.155776	1.026352	2460672.793346
39	TOI3726v4-0281_R_bin4_out.fits	2460672.800088	60672.794080	0.156376	1.027155	2460672.794080
40	TOI3726v4-0282_R_bin4_out.fits	2460672.800824	60672.794816	0.156124	1.027977	2460672.794816
41	TOI3726v4-0283_R_bin4_out.fits	2460672.801558	60672.795550	0.156241	1.028813	2460672.795550
42	TOI3726v4-0284_R_bin4_out.fits	2460672.802292	60672.796284	0.156099	1.029663	2460672.796284
43	TOI3726v4-0285_R_bin4_out.fits	2460672.803025	60672.797017	0.156598	1.030530	2460672.797017
44	TOI3726v4-0286_R_bin4_out.fits	2460672.803759	60672.797751	0.156614	1.031412	2460672.797751
45	TOI3726v4-0288_R_bin4_out.fits	2460672.805228	60672.799220	0.156466	1.033227	2460672.799220
46	TOI3726v4-0289_R_bin4_out.fits	2460672.805961	60672.799953	0.155957	1.034157	2460672.799953
47	TOI3726v4-0290_R_bin4_out.fits	2460672.806695	60672.800687	0.156123	1.035105	2460672.800687
48	TOI3726v4-0291_R_bin4_out.fits	2460672.807429	60672.801421	0.156620	1.036068	2460672.801421
49	TOI3726v4-0293_R_bin4_out.fits	2460672.808895	60672.802887	0.156729	1.038041	2460672.802887
50	TOI3726v4-0296_R_bin4_out.fits	2460672.811094	60672.805086	0.155743	1.041124	2460672.805086
51	TOI3726v4-0297_R_bin4_out.fits	2460672.811828	60672.805820	0.156430	1.042186	2460672.805820
52	TOI3726v4-0298_R_bin4_out.fits	2460672.812562	60672.806554	0.156797	1.043266	2460672.806554
53	TOI3726v4-0300_R_bin4_out.fits	2460672.814029	60672.808021	0.156316	1.045473	2460672.808021
54	TOI3726v4-0301_R_bin4_out.fits	2460672.814763	60672.808755	0.156183	1.046602	2460672.808755
55	TOI3726v4-0302_R_bin4_out.fits	2460672.815497	60672.809489	0.156738	1.047748	2460672.809489
56	TOI3726v4-0304_R_bin4_out.fits	2460672.816966	60672.810958	0.156129	1.050094	2460672.810958
57	TOI3726v4-0305_R_bin4_out.fits	2460672.817699	60672.811691	0.156774	1.051290	2460672.811691
58	TOI3726v4-0306_R_bin4_out.fits	2460672.818433	60672.812425	0.156242	1.052506	2460672.812425
59	TOI3726v4-0307_R_bin4_out.fits	2460672.819166	60672.813158	0.156189	1.053737	2460672.813158
60	TOI3726v4-0308_R_bin4_out.fits	2460672.819899	60672.813891	0.156170	1.054986	2460672.813891
61	TOI3726v4-0309_R_bin4_out.fits	2460672.820631	60672.814623	0.155838	1.056251	2460672.814623
62	TOI3726v4-0310_R_bin4_out.fits	2460672.821364	60672.815356	0.155413	1.057534	2460672.815356
63	TOI3726v4-0311_R_bin4_out.fits	2460672.822098	60672.816090	0.155264	1.058837	2460672.816090
64	TOI3726v4-0312_R_bin4_out.fits	2460672.822830	60672.816823	0.155710	1.060156	2460672.816823
65	TOI3726v4-0313_R_bin4_out.fits	2460672.823564	60672.817556	0.156086	1.061494	2460672.817556
66	TOI3726v4-0314_R_bin4_out.fits	2460672.824299	60672.818292	0.155707	1.062854	2460672.818292
67	TOI3726v4-0315_R_bin4_out.fits	2460672.825034	60672.819027	0.155696	1.064232	2460672.819027
68	TOI3726v4-0316_R_bin4_out.fits	2460672.825769	60672.819762	0.155707	1.065627	2460672.819762
69	TOI3726v4-0317_R_bin4_out.fits	2460672.826505	60672.820498	0.154850	1.067043	2460672.820498
70	TOI3726v4-0318_R_bin4_out.fits	2460672.827241	60672.821234	0.154316	1.068477	2460672.821234
71	TOI3726v4-0320_R_bin4_out.fits	2460672.828714	60672.822707	0.154026	1.071404	2460672.822707
72	TOI3726v4-0321_R_bin4_out.fits	2460672.829457	60672.823450	0.153953	1.072909	2460672.823450
73	TOI3726v4-0323_R_bin4_out.fits	2460672.830931	60672.824924	0.154261	1.075953	2460672.824924
74	TOI3726v4-0324_R_bin4_out.fits	2460672.831675	60672.825667	0.154390	1.077517	2460672.825667
75	TOI3726v4-0326_R_bin4_out.fits	2460672.833146	60672.827139	0.153754	1.080670	2460672.827139
76	TOI3726v4-0328_R_bin4_out.fits	2460672.834617	60672.828610	0.153175	1.083901	2460672.828610
77	TOI3726v4-0330_R_bin4_out.fits	2460672.836097	60672.830090	0.152900	1.087232	2460672.830090
78	TOI3726v4-0332_R_bin4_out.fits	2460672.837569	60672.831562	0.153229	1.090624	2460672.831562
79	TOI3726v4-0333_R_bin4_out.fits	2460672.838317	60672.832310	0.152529	1.092380	2460672.832310
80	TOI3726v4-0335_R_bin4_out.fits	2460672.839797	60672.833790	0.152843	1.095915	2460672.833790
81	TOI3726v4-0336_R_bin4_out.fits	2460672.840533	60672.834526	0.152344	1.097705	2460672.834526
82	TOI3726v4-0337_R_bin4_out.fits	2460672.841273	60672.835266	0.152875	1.099523	2460672.835266
83	TOI3726v4-0338_R_bin4_out.fits	2460672.842018	60672.836011	0.152156	1.101378	2460672.836011
84	TOI3726v4-0339_R_bin4_out.fits	2460672.842773	60672.836766	0.152919	1.103279	2460672.836766
85	TOI3726v4-0341_R_bin4_out.fits	2460672.844241	60672.838234	0.152674	1.107038	2460672.838234
86	TOI3726v4-0343_R_bin4_out.fits	2460672.845717	60672.839710	0.152359	1.110904	2460672.839710
87	TOI3726v4-0345_R_bin4_out.fits	2460672.847187	60672.841180	0.152503	1.114842	2460672.841180
88	TOI3726v4-0347_R_bin4_out.fits	2460672.848662	60672.842655	0.152188	1.118881	2460672.842655
89	TOI3726v4-0348_R_bin4_out.fits	2460672.849409	60672.843402	0.152315	1.120962	2460672.843402
90	TOI3726v4-0351_R_bin4_out.fits	2460672.851613	60672.845607	0.151512	1.127239	2460672.845607
91	TOI3726v4-0352_R_bin4_out.fits	2460672.852354	60672.846347	0.151743	1.129393	2460672.846347
92	TOI3726v4-0354_R_bin4_out.fits	2460672.853821	60672.847814	0.151541	1.133732	2460672.847814
93	TOI3726v4-0357_R_bin4_out.fits	2460672.856033	60672.850027	0.151722	1.140452	2460672.850027
94	TOI3726v4-0359_R_bin4_out.fits	2460672.857498	60672.851492	0.151355	1.145022	2460672.851492
95	TOI3726v4-0360_R_bin4_out.fits	2460672.858237	60672.852231	0.151800	1.147364	2460672.852231
96	TOI3726v4-0361_R_bin4_out.fits	2460672.858970	60672.852963	0.152029	1.149712	2460672.852963
97	TOI3726v4-0362_R_bin4_out.fits	2460672.859703	60672.853696	0.151890	1.152084	2460672.853696
98	TOI3726v4-0363_R_bin4_out.fits	2460672.860448	60672.854442	0.152369	1.154523	2460672.854442
99	TOI3726v4-0364_R_bin4_out.fits	2460672.861183	60672.855177	0.151370	1.156952	2460672.855177
100	TOI3726v4-0365_R_bin4_out.fits	2460672.861916	60672.855910	0.151853	1.159402	2460672.855910
101	TOI3726v4-0369_R_bin4_out.fits	2460672.864862	60672.858855	0.152092	1.169502	2460672.858855
102	TOI3726v4-0370_R_bin4_out.fits	2460672.865600	60672.859594	0.151619	1.172102	2460672.859594
103	TOI3726v4-0372_R_bin4_out.fits	2460672.867068	60672.861062	0.151636	1.177347	2460672.861062
104	TOI3726v4-0374_R_bin4_out.fits	2460672.868535	60672.862528	0.151756	1.182696	2460672.862528
105	TOI3726v4-0375_R_bin4_out.fits	2460672.869268	60672.863262	0.151842	1.185414	2460672.863262
106	TOI3726v4-0376_R_bin4_out.fits	2460672.870003	60672.863996	0.151772	1.188161	2460672.863996
107	TOI3726v4-0377_R_bin4_out.fits	2460672.870736	60672.864730	0.151600	1.190933	2460672.864730
108	TOI3726v4-0379_R_bin4_out.fits	2460672.872211	60672.866205	0.152088	1.196595	2460672.866205
109	TOI3726v4-0380_R_bin4_out.fits	2460672.872946	60672.866940	0.152256	1.199461	2460672.866940
110	TOI3726v4-0381_R_bin4_out.fits	2460672.873682	60672.867676	0.151666	1.202360	2460672.867676
111	TOI3726v4-0382_R_bin4_out.fits	2460672.874418	60672.868412	0.151339	1.205286	2460672.868412
112	TOI3726v4-0383_R_bin4_out.fits	2460672.875154	60672.869148	0.151907	1.208242	2460672.869148
113	TOI3726v4-0386_R_bin4_out.fits	2460672.877363	60672.871357	0.151197	1.217301	2460672.871357
114	TOI3726v4-0391_R_bin4_out.fits	2460672.881055	60672.875049	0.152007	1.233066	2460672.875049
115	TOI3726v4-0394_R_bin4_out.fits	2460672.883263	60672.877257	0.151336	1.242879	2460672.877257
116	TOI3726v4-0398_R_bin4_out.fits	2460672.886210	60672.880204	0.152215	1.256448	2460672.880204
117	TOI3726v4-0399_R_bin4_out.fits	2460672.886949	60672.880943	0.152176	1.259938	2460672.880943
118	TOI3726v4-0402_R_bin4_out.fits	2460672.889159	60672.883153	0.152424	1.270582	2460672.883153
119	TOI3726v4-0403_R_bin4_out.fits	2460672.889894	60672.883889	0.152153	1.274197	2460672.883889
120	TOI3726v4-0404_R_bin4_out.fits	2460672.890630	60672.884624	0.152254	1.277847	2460672.884624
121	TOI3726v4-0406_R_bin4_out.fits	2460672.892099	60672.886094	0.151980	1.285252	2460672.886094
122	TOI3726v4-0407_R_bin4_out.fits	2460672.892834	60672.886828	0.152134	1.289010	2460672.886828
123	TOI3726v4-0408_R_bin4_out.fits	2460672.893571	60672.887565	0.152057	1.292816	2460672.887565
124	TOI3726v4-0409_R_bin4_out.fits	2460672.894306	60672.888300	0.152426	1.296653	2460672.888300
125	TOI3726v4-0410_R_bin4_out.fits	2460672.895049	60672.889044	0.152571	1.300571	2460672.889044
126	TOI3726v4-0412_R_bin4_out.fits	2460672.896522	60672.890517	0.151699	1.308454	2460672.890517
127	TOI3726v4-0413_R_bin4_out.fits	2460672.897259	60672.891254	0.152489	1.312457	2460672.891254
128	TOI3726v4-0414_R_bin4_out.fits	2460672.897994	60672.891989	0.152502	1.316491	2460672.891989
129	TOI3726v4-0415_R_bin4_out.fits	2460672.898730	60672.892725	0.151589	1.320570	2460672.892725
130	TOI3726v4-0416_R_bin4_out.fits	2460672.899468	60672.893463	0.151781	1.324704	2460672.893463
131	TOI3726v4-0417_R_bin4_out.fits	2460672.900207	60672.894202	0.152489	1.328882	2460672.894202
132	TOI3726v4-0419_R_bin4_out.fits	2460672.901677	60672.895672	0.151753	1.337326	2460672.895672
133	TOI3726v4-0420_R_bin4_out.fits	2460672.902413	60672.896408	0.152333	1.341616	2460672.896408
134	TOI3726v4-0421_R_bin4_out.fits	2460672.903148	60672.897143	0.152194	1.345943	2460672.897143
135	TOI3726v4-0422_R_bin4_out.fits	2460672.903884	60672.897879	0.151831	1.350322	2460672.897879
136	TOI3726v4-0423_R_bin4_out.fits	2460672.904621	60672.898616	0.151766	1.354749	2460672.898616
137	TOI3726v4-0424_R_bin4_out.fits	2460672.905356	60672.899351	0.151818	1.359212	2460672.899351
138	TOI3726v4-0426_R_bin4_out.fits	2460672.906827	60672.900822	0.152616	1.368282	2460672.900822
139	TOI3726v4-0429_R_bin4_out.fits	2460672.909033	60672.903028	0.152514	1.382224	2460672.903028
140	TOI3726v4-0430_R_bin4_out.fits	2460672.909768	60672.903764	0.152851	1.386971	2460672.903764
141	TOI3726v4-0431_R_bin4_out.fits	2460672.910506	60672.904501	0.152754	1.391777	2460672.904501
142	TOI3726v4-0432_R_bin4_out.fits	2460672.911242	60672.905237	0.153090	1.396623	2460672.905237
143	TOI3726v4-0433_R_bin4_out.fits	2460672.911977	60672.905972	0.152437	1.401514	2460672.905972
144	TOI3726v4-0434_R_bin4_out.fits	2460672.912713	60672.906708	0.152440	1.406463	2460672.906708
145	TOI3726v4-0435_R_bin4_out.fits	2460672.913450	60672.907445	0.152968	1.411467	2460672.907445
146	TOI3726v4-0439_R_bin4_out.fits	2460672.916395	60672.910390	0.153531	1.431990	2460672.910390
147	TOI3726v4-0440_R_bin4_out.fits	2460672.917131	60672.911126	0.154122	1.437255	2460672.911126
148	TOI3726v4-0441_R_bin4_out.fits	2460672.917867	60672.911862	0.154110	1.442572	2460672.911862
149	TOI3726v4-0442_R_bin4_out.fits	2460672.918603	60672.912598	0.153896	1.447944	2460672.912598
150	TOI3726v4-0443_R_bin4_out.fits	2460672.919339	60672.913335	0.153918	1.453377	2460672.913335
151	TOI3726v4-0444_R_bin4_out.fits	2460672.920075	60672.914071	0.154697	1.458865	2460672.914071
152	TOI3726v4-0445_R_bin4_out.fits	2460672.920812	60672.914807	0.154063	1.464411	2460672.914807
153	TOI3726v4-0447_R_bin4_out.fits	2460672.922286	60672.916281	0.154862	1.475690	2460672.916281
154	TOI3726v4-0448_R_bin4_out.fits	2460672.923024	60672.917019	0.155476	1.481429	2460672.917019
155	TOI3726v4-0452_R_bin4_out.fits	2460672.925985	60672.919980	0.155465	1.505069	2460672.919980
156	TOI3726v4-0453_R_bin4_out.fits	2460672.926721	60672.920716	0.155782	1.511103	2460672.920716
157	TOI3726v4-0455_R_bin4_out.fits	2460672.928191	60672.922187	0.156394	1.523352	2460672.922187
158	TOI3726v4-0457_R_bin4_out.fits	2460672.929663	60672.923658	0.156670	1.535879	2460672.923658
159	TOI3726v4-0458_R_bin4_out.fits	2460672.930399	60672.924395	0.156556	1.542249	2460672.924395
160	TOI3726v4-0461_R_bin4_out.fits	2460672.932609	60672.926605	0.156353	1.561782	2460672.926605
161	TOI3726v4-0462_R_bin4_out.fits	2460672.933342	60672.927338	0.156358	1.568397	2460672.927338
162	TOI3726v4-0464_R_bin4_out.fits	2460672.934809	60672.928804	0.156028	1.581862	2460672.928804
163	TOI3726v4-0466_R_bin4_out.fits	2460672.936279	60672.930275	0.156019	1.595660	2460672.930275
164	TOI3726v4-0467_R_bin4_out.fits	2460672.937012	60672.931008	0.155827	1.602654	2460672.931008
165	TOI3726v4-0469_R_bin4_out.fits	2460672.938478	60672.932474	0.156724	1.616870	2460672.932474
166	TOI3726v4-0470_R_bin4_out.fits	2460672.939212	60672.933208	0.156218	1.624103	2460672.933208
167	TOI3726v4-0471_R_bin4_out.fits	2460672.939945	60672.933941	0.155844	1.631416	2460672.933941
168	TOI3726v4-0472_R_bin4_out.fits	2460672.940678	60672.934674	0.156843	1.638803	2460672.934674
169	TOI3726v4-0474_R_bin4_out.fits	2460672.942146	60672.936142	0.156853	1.653849	2460672.936142
170	TOI3726v4-0475_R_bin4_out.fits	2460672.942877	60672.936873	0.155840	1.661476	2460672.936873
171	TOI3726v4-0479_R_bin4_out.fits	2460672.945809	60672.939805	0.156003	1.692916	2460672.939805
172	TOI3726v4-0482_R_bin4_out.fits	2460672.948011	60672.942007	0.155902	1.717489	2460672.942007
173	TOI3726v4-0483_R_bin4_out.fits	2460672.948749	60672.942745	0.156855	1.725912	2460672.942745
174	TOI3726v4-0484_R_bin4_out.fits	2460672.949481	60672.943477	0.155831	1.734378	2460672.943477
175	TOI3726v4-0485_R_bin4_out.fits	2460672.950215	60672.944211	0.155629	1.742950	2460672.944211
176	TOI3726v4-0487_R_bin4_out.fits	2460672.951683	60672.945679	0.156739	1.760413	2460672.945679
177	TOI3726v4-0489_R_bin4_out.fits	2460672.953150	60672.947146	0.156412	1.778279	2460672.947146
178	TOI3726v4-0490_R_bin4_out.fits	2460672.953883	60672.947880	0.156872	1.787367	2460672.947880
179	TOI3726v4-0493_R_bin4_out.fits	2460672.956083	60672.950080	0.156416	1.815295	2460672.950080
180	TOI3726v4-0494_R_bin4_out.fits	2460672.956817	60672.950813	0.155841	1.824831	2460672.950813
181	TOI3726v4-0495_R_bin4_out.fits	2460672.957550	60672.951546	0.156657	1.834471	2460672.951546
182	TOI3726v4-0498_R_bin4_out.fits	2460672.959751	60672.953747	0.155708	1.864140	2460672.953747
183	TOI3726v4-0499_R_bin4_out.fits	2460672.960484	60672.954481	0.156389	1.874276	2460672.954481
184	TOI3726v4-0501_R_bin4_out.fits	2460672.961951	60672.955948	0.155800	1.894915	2460672.955948
185	TOI3726v4-0502_R_bin4_out.fits	2460672.962695	60672.956692	0.156060	1.905583	2460672.956692
186	TOI3726v4-0508_R_bin4_out.fits	2460672.967096	60672.961092	0.156448	1.971508	2460672.961092
187	TOI3726v4-0509_R_bin4_out.fits	2460672.967828	60672.961825	0.156330	1.982977	2460672.961825
188	TOI3726v4-0511_R_bin4_out.fits	2460672.969296	60672.963293	0.156031	2.006410	2460672.963293
189	TOI3726v4-0514_R_bin4_out.fits	2460672.971504	60672.965501	0.156114	2.042817	2460672.965501
190	TOI3726v4-0515_R_bin4_out.fits	2460672.972242	60672.966239	0.156116	2.055316	2460672.966239
191	TOI3726v4-0520_R_bin4_out.fits	2460672.975907	60672.969904	0.156603	2.119884	2460672.969904
192	TOI3726v4-0521_R_bin4_out.fits	2460672.976641	60672.970638	0.156536	2.133331	2460672.970638
193	TOI3726v4-0522_R_bin4_out.fits	2460672.977373	60672.971370	0.155672	2.146944	2460672.971370
194	TOI3726v4-0523_R_bin4_out.fits	2460672.978105	60672.972102	0.154388	2.160735	2460672.972102
195	TOI3726v4-0524_R_bin4_out.fits	2460672.978838	60672.972835	0.155288	2.174737	2460672.972835
196	TOI3726v4-0525_R_bin4_out.fits	2460672.979571	60672.973568	0.156894	2.188931	2460672.973568
197	TOI3726v4-0526_R_bin4_out.fits	2460672.980305	60672.974302	0.155482	2.203338	2460672.974302
198	TOI3726v4-0527_R_bin4_out.fits	2460672.981039	60672.975036	0.155562	2.217953	2460672.975036
199	TOI3726v4-0528_R_bin4_out.fits	2460672.981771	60672.975768	0.155927	2.232741	2460672.975768
200	TOI3726v4-0529_R_bin4_out.fits	2460672.982504	60672.976501	0.155726	2.247756	2460672.976501
201	TOI3726v4-0530_R_bin4_out.fits	2460672.983236	60672.977233	0.155673	2.262960	2460672.977233
202	TOI3726v4-0531_R_bin4_out.fits	2460672.983970	60672.977967	0.155922	2.278417	2460672.977967
203	TOI3726v4-0532_R_bin4_out.fits	2460672.984704	60672.978701	0.155340	2.294098	2460672.978701
204	TOI3726v4-0533_R_bin4_out.fits	2460672.985438	60672.979435	0.155695	2.310016	2460672.979435
205	TOI3726v4-0534_R_bin4_out.fits	2460672.986172	60672.980169	0.156449	2.326160	2460672.980169
206	TOI3726v4-0535_R_bin4_out.fits	2460672.986907	60672.980904	0.154107	2.342556	2460672.980904
207	TOI3726v4-0536_R_bin4_out.fits	2460672.987640	60672.981637	0.155586	2.359165	2460672.981637
208	TOI3726v4-0537_R_bin4_out.fits	2460672.988373	60672.982370	0.155965	2.376005	2460672.982370
209	TOI3726v4-0538_R_bin4_out.fits	2460672.989107	60672.983104	0.155794	2.393118	2460672.983104
210	TOI3726v4-0539_R_bin4_out.fits	2460672.989839	60672.983837	0.156234	2.410466	2460672.983837
211	TOI3726v4-0540_R_bin4_out.fits	2460672.990573	60672.984570	0.156841	2.428086	2460672.984570
212	TOI3726v4-0541_R_bin4_out.fits	2460672.991307	60672.985304	0.156413	2.445996	2460672.985304
213	TOI3726v4-0542_R_bin4_out.fits	2460672.992042	60672.986039	0.154516	2.464188	2460672.986039
214	TOI3726v4-0543_R_bin4_out.fits	2460672.992775	60672.986772	0.155639	2.482619	2460672.986772
215	TOI3726v4-0544_R_bin4_out.fits	2460672.993514	60672.987511	0.155533	2.501491	2460672.987511
216	TOI3726v4-0545_R_bin4_out.fits	2460672.994251	60672.988249	0.156412	2.520616	2460672.988249
217	TOI3726v4-0546_R_bin4_out.fits	2460672.994991	60672.988989	0.156168	2.540106	2460672.988989
218	TOI3726v4-0547_R_bin4_out.fits	2460672.995728	60672.989726	0.155959	2.559830	2460672.989726
219	TOI3726v4-0548_R_bin4_out.fits	2460672.996463	60672.990461	0.156029	2.579807	2460672.990461
220	TOI3726v4-0549_R_bin4_out.fits	2460672.997204	60672.991202	0.155979	2.600271	2460672.991202
221	TOI3726v4-0550_R_bin4_out.fits	2460672.997943	60672.991941	0.156449	2.621017	2460672.991941
222	TOI3726v4-0551_R_bin4_out.fits	2460672.998684	60672.992681	0.155528	2.642133	2460672.992681
223	TOI3726v4-0552_R_bin4_out.fits	2460672.999422	60672.993419	0.156114	2.663527	2460672.993419
224	TOI3726v4-0553_R_bin4_out.fits	2460673.000161	60672.994159	0.155323	2.685324	2460672.994159
225	TOI3726v4-0554_R_bin4_out.fits	2460673.000903	60672.994900	0.155679	2.707529	2460672.994900
226	TOI3726v4-0555_R_bin4_out.fits	2460673.001640	60672.995638	0.155438	2.729992	2460672.995638
227	TOI3726v4-0556_R_bin4_out.fits	2460673.002382	60672.996379	0.156829	2.752943	2460672.996379
228	TOI3726v4-0557_R_bin4_out.fits	2460673.003122	60672.997120	0.157386	2.776269	2460672.997120
229	TOI3726v4-0558_R_bin4_out.fits	2460673.003862	60672.997860	0.154562	2.799963	2460672.997860
230	TOI3726v4-0559_R_bin4_out.fits	2460673.004604	60672.998602	0.155279	2.824148	2460672.998602
231	TOI3726v4-0560_R_bin4_out.fits	2460673.005347	60672.999345	0.156218	2.848767	2460672.999345
232	TOI3726v4-0561_R_bin4_out.fits	2460673.006084	60673.000081	0.155962	2.873597	2460673.000081
