#	Label	BJD_TDB	J.D.-2400000	rel_flux_T1	AIRMASS	JD_UTC
1	TOI3726v4-0240_R_bin4_out.fits	2460672.770019	60672.764010	0.117859	1.006585	2460672.764010
2	TOI3726v4-0241_R_bin4_out.fits	2460672.770753	60672.764744	0.116839	1.006793	2460672.764744
3	TOI3726v4-0242_R_bin4_out.fits	2460672.771486	60672.765478	0.117814	1.007016	2460672.765478
4	TOI3726v4-0243_R_bin4_out.fits	2460672.772221	60672.766212	0.117238	1.007254	2460672.766212
5	TOI3726v4-0247_R_bin4_out.fits	2460672.775153	60672.769144	0.117130	1.008347	2460672.769144
6	TOI3726v4-0248_R_bin4_out.fits	2460672.775886	60672.769877	0.117792	1.008656	2460672.769877
7	TOI3726v4-0251_R_bin4_out.fits	2460672.778086	60672.772077	0.117734	1.009672	2460672.772077
8	TOI3726v4-0252_R_bin4_out.fits	2460672.778821	60672.772812	0.117353	1.010040	2460672.772812
9	TOI3726v4-0254_R_bin4_out.fits	2460672.780289	60672.774280	0.117454	1.010819	2460672.774280
10	TOI3726v4-0255_R_bin4_out.fits	2460672.781023	60672.775015	0.117163	1.011231	2460672.775015
11	TOI3726v4-0256_R_bin4_out.fits	2460672.781758	60672.775749	0.117014	1.011658	2460672.775749
12	TOI3726v4-0257_R_bin4_out.fits	2460672.782490	60672.776481	0.117865	1.012098	2460672.776481
13	TOI3726v4-0258_R_bin4_out.fits	2460672.783223	60672.777214	0.117299	1.012552	2460672.777214
14	TOI3726v4-0259_R_bin4_out.fits	2460672.783956	60672.777947	0.117209	1.013022	2460672.777947
15	TOI3726v4-0260_R_bin4_out.fits	2460672.784689	60672.778680	0.117089	1.013507	2460672.778680
16	TOI3726v4-0261_R_bin4_out.fits	2460672.785422	60672.779414	0.117561	1.014006	2460672.779414
17	TOI3726v4-0262_R_bin4_out.fits	2460672.786156	60672.780147	0.117739	1.014520	2460672.780147
18	TOI3726v4-0263_R_bin4_out.fits	2460672.786889	60672.780881	0.117669	1.015050	2460672.780881
19	TOI3726v4-0264_R_bin4_out.fits	2460672.787622	60672.781614	0.117498	1.015593	2460672.781614
20	TOI3726v4-0265_R_bin4_out.fits	2460672.788356	60672.782347	0.117104	1.016153	2460672.782347
21	TOI3726v4-0266_R_bin4_out.fits	2460672.789090	60672.783081	0.116787	1.016727	2460672.783081
22	TOI3726v4-0267_R_bin4_out.fits	2460672.789823	60672.783814	0.117312	1.017315	2460672.783814
23	TOI3726v4-0268_R_bin4_out.fits	2460672.790555	60672.784547	0.117277	1.017919	2460672.784547
24	TOI3726v4-0269_R_bin4_out.fits	2460672.791290	60672.785281	0.116998	1.018539	2460672.785281
25	TOI3726v4-0270_R_bin4_out.fits	2460672.792023	60672.786015	0.117221	1.019173	2460672.786015
26	TOI3726v4-0272_R_bin4_out.fits	2460672.793491	60672.787482	0.117257	1.020487	2460672.787482
27	TOI3726v4-0273_R_bin4_out.fits	2460672.794224	60672.788215	0.117172	1.021167	2460672.788215
28	TOI3726v4-0274_R_bin4_out.fits	2460672.794955	60672.788947	0.117506	1.021860	2460672.788947
29	TOI3726v4-0276_R_bin4_out.fits	2460672.796421	60672.790413	0.117057	1.023295	2460672.790413
30	TOI3726v4-0277_R_bin4_out.fits	2460672.797155	60672.791146	0.117729	1.024036	2460672.791146
31	TOI3726v4-0278_R_bin4_out.fits	2460672.797888	60672.791880	0.116908	1.024792	2460672.791880
32	TOI3726v4-0279_R_bin4_out.fits	2460672.798621	60672.792613	0.117586	1.025564	2460672.792613
33	TOI3726v4-0280_R_bin4_out.fits	2460672.799354	60672.793346	0.116904	1.026352	2460672.793346
34	TOI3726v4-0281_R_bin4_out.fits	2460672.800088	60672.794080	0.117323	1.027155	2460672.794080
35	TOI3726v4-0282_R_bin4_out.fits	2460672.800824	60672.794816	0.117206	1.027977	2460672.794816
36	TOI3726v4-0283_R_bin4_out.fits	2460672.801558	60672.795550	0.117171	1.028813	2460672.795550
37	TOI3726v4-0284_R_bin4_out.fits	2460672.802292	60672.796284	0.116990	1.029663	2460672.796284
38	TOI3726v4-0285_R_bin4_out.fits	2460672.803025	60672.797017	0.117515	1.030530	2460672.797017
39	TOI3726v4-0286_R_bin4_out.fits	2460672.803759	60672.797751	0.117234	1.031412	2460672.797751
40	TOI3726v4-0287_R_bin4_out.fits	2460672.804493	60672.798485	0.117757	1.032311	2460672.798485
41	TOI3726v4-0288_R_bin4_out.fits	2460672.805228	60672.799220	0.117330	1.033227	2460672.799220
42	TOI3726v4-0289_R_bin4_out.fits	2460672.805961	60672.799953	0.116831	1.034157	2460672.799953
43	TOI3726v4-0290_R_bin4_out.fits	2460672.806695	60672.800687	0.117256	1.035105	2460672.800687
44	TOI3726v4-0291_R_bin4_out.fits	2460672.807429	60672.801421	0.117365	1.036068	2460672.801421
45	TOI3726v4-0293_R_bin4_out.fits	2460672.808895	60672.802887	0.117852	1.038041	2460672.802887
46	TOI3726v4-0294_R_bin4_out.fits	2460672.809628	60672.803620	0.117885	1.039052	2460672.803620
47	TOI3726v4-0296_R_bin4_out.fits	2460672.811094	60672.805086	0.116774	1.041124	2460672.805086
48	TOI3726v4-0297_R_bin4_out.fits	2460672.811828	60672.805820	0.117161	1.042186	2460672.805820
49	TOI3726v4-0298_R_bin4_out.fits	2460672.812562	60672.806554	0.117796	1.043266	2460672.806554
50	TOI3726v4-0300_R_bin4_out.fits	2460672.814029	60672.808021	0.117184	1.045473	2460672.808021
51	TOI3726v4-0301_R_bin4_out.fits	2460672.814763	60672.808755	0.117158	1.046602	2460672.808755
52	TOI3726v4-0302_R_bin4_out.fits	2460672.815497	60672.809489	0.117585	1.047748	2460672.809489
53	TOI3726v4-0304_R_bin4_out.fits	2460672.816966	60672.810958	0.117050	1.050094	2460672.810958
54	TOI3726v4-0305_R_bin4_out.fits	2460672.817699	60672.811691	0.117821	1.051290	2460672.811691
55	TOI3726v4-0306_R_bin4_out.fits	2460672.818433	60672.812425	0.117077	1.052506	2460672.812425
56	TOI3726v4-0307_R_bin4_out.fits	2460672.819166	60672.813158	0.117052	1.053737	2460672.813158
57	TOI3726v4-0308_R_bin4_out.fits	2460672.819899	60672.813891	0.117155	1.054986	2460672.813891
58	TOI3726v4-0309_R_bin4_out.fits	2460672.820631	60672.814623	0.117007	1.056251	2460672.814623
59	TOI3726v4-0312_R_bin4_out.fits	2460672.822830	60672.816823	0.116860	1.060156	2460672.816823
60	TOI3726v4-0313_R_bin4_out.fits	2460672.823564	60672.817556	0.117105	1.061494	2460672.817556
61	TOI3726v4-0314_R_bin4_out.fits	2460672.824299	60672.818292	0.116725	1.062854	2460672.818292
62	TOI3726v4-0315_R_bin4_out.fits	2460672.825034	60672.819027	0.116881	1.064232	2460672.819027
63	TOI3726v4-0316_R_bin4_out.fits	2460672.825769	60672.819762	0.116875	1.065627	2460672.819762
64	TOI3726v4-0317_R_bin4_out.fits	2460672.826505	60672.820498	0.115938	1.067043	2460672.820498
65	TOI3726v4-0318_R_bin4_out.fits	2460672.827241	60672.821234	0.115743	1.068477	2460672.821234
66	TOI3726v4-0321_R_bin4_out.fits	2460672.829457	60672.823450	0.115566	1.072909	2460672.823450
67	TOI3726v4-0323_R_bin4_out.fits	2460672.830931	60672.824924	0.115737	1.075953	2460672.824924
68	TOI3726v4-0325_R_bin4_out.fits	2460672.832411	60672.826404	0.114704	1.079085	2460672.826404
69	TOI3726v4-0326_R_bin4_out.fits	2460672.833146	60672.827139	0.115586	1.080670	2460672.827139
70	TOI3726v4-0328_R_bin4_out.fits	2460672.834617	60672.828610	0.114921	1.083901	2460672.828610
71	TOI3726v4-0329_R_bin4_out.fits	2460672.835360	60672.829353	0.114451	1.085563	2460672.829353
72	TOI3726v4-0330_R_bin4_out.fits	2460672.836097	60672.830090	0.114685	1.087232	2460672.830090
73	TOI3726v4-0332_R_bin4_out.fits	2460672.837569	60672.831562	0.114996	1.090624	2460672.831562
74	TOI3726v4-0333_R_bin4_out.fits	2460672.838317	60672.832310	0.114399	1.092380	2460672.832310
75	TOI3726v4-0335_R_bin4_out.fits	2460672.839797	60672.833790	0.114863	1.095915	2460672.833790
76	TOI3726v4-0336_R_bin4_out.fits	2460672.840533	60672.834526	0.114193	1.097705	2460672.834526
77	TOI3726v4-0337_R_bin4_out.fits	2460672.841273	60672.835266	0.114751	1.099523	2460672.835266
78	TOI3726v4-0338_R_bin4_out.fits	2460672.842018	60672.836011	0.114001	1.101378	2460672.836011
79	TOI3726v4-0339_R_bin4_out.fits	2460672.842773	60672.836766	0.114609	1.103279	2460672.836766
80	TOI3726v4-0341_R_bin4_out.fits	2460672.844241	60672.838234	0.114499	1.107038	2460672.838234
81	TOI3726v4-0343_R_bin4_out.fits	2460672.845717	60672.839710	0.114331	1.110904	2460672.839710
82	TOI3726v4-0344_R_bin4_out.fits	2460672.846453	60672.840447	0.114683	1.112866	2460672.840447
83	TOI3726v4-0345_R_bin4_out.fits	2460672.847187	60672.841180	0.114288	1.114842	2460672.841180
84	TOI3726v4-0347_R_bin4_out.fits	2460672.848662	60672.842655	0.113855	1.118881	2460672.842655
85	TOI3726v4-0348_R_bin4_out.fits	2460672.849409	60672.843402	0.114243	1.120962	2460672.843402
86	TOI3726v4-0351_R_bin4_out.fits	2460672.851613	60672.845607	0.113576	1.127239	2460672.845607
87	TOI3726v4-0352_R_bin4_out.fits	2460672.852354	60672.846347	0.113879	1.129393	2460672.846347
88	TOI3726v4-0354_R_bin4_out.fits	2460672.853821	60672.847814	0.113712	1.133732	2460672.847814
89	TOI3726v4-0355_R_bin4_out.fits	2460672.854561	60672.848554	0.113410	1.135955	2460672.848554
90	TOI3726v4-0357_R_bin4_out.fits	2460672.856033	60672.850027	0.113800	1.140452	2460672.850027
91	TOI3726v4-0359_R_bin4_out.fits	2460672.857498	60672.851492	0.113510	1.145022	2460672.851492
92	TOI3726v4-0360_R_bin4_out.fits	2460672.858237	60672.852231	0.113954	1.147364	2460672.852231
93	TOI3726v4-0361_R_bin4_out.fits	2460672.858970	60672.852963	0.114091	1.149712	2460672.852963
94	TOI3726v4-0362_R_bin4_out.fits	2460672.859703	60672.853696	0.113923	1.152084	2460672.853696
95	TOI3726v4-0363_R_bin4_out.fits	2460672.860448	60672.854442	0.114262	1.154523	2460672.854442
96	TOI3726v4-0364_R_bin4_out.fits	2460672.861183	60672.855177	0.113641	1.156952	2460672.855177
97	TOI3726v4-0365_R_bin4_out.fits	2460672.861916	60672.855910	0.113697	1.159402	2460672.855910
98	TOI3726v4-0367_R_bin4_out.fits	2460672.863382	60672.857376	0.113303	1.164375	2460672.857376
99	TOI3726v4-0369_R_bin4_out.fits	2460672.864862	60672.858855	0.114064	1.169502	2460672.858855
100	TOI3726v4-0370_R_bin4_out.fits	2460672.865600	60672.859594	0.113641	1.172102	2460672.859594
101	TOI3726v4-0371_R_bin4_out.fits	2460672.866334	60672.860327	0.114390	1.174708	2460672.860327
102	TOI3726v4-0372_R_bin4_out.fits	2460672.867068	60672.861062	0.113755	1.177347	2460672.861062
103	TOI3726v4-0374_R_bin4_out.fits	2460672.868535	60672.862528	0.113845	1.182696	2460672.862528
104	TOI3726v4-0375_R_bin4_out.fits	2460672.869268	60672.863262	0.113871	1.185414	2460672.863262
105	TOI3726v4-0376_R_bin4_out.fits	2460672.870003	60672.863996	0.113666	1.188161	2460672.863996
106	TOI3726v4-0377_R_bin4_out.fits	2460672.870736	60672.864730	0.113523	1.190933	2460672.864730
107	TOI3726v4-0378_R_bin4_out.fits	2460672.871470	60672.865464	0.114269	1.193738	2460672.865464
108	TOI3726v4-0379_R_bin4_out.fits	2460672.872211	60672.866205	0.114179	1.196595	2460672.866205
109	TOI3726v4-0381_R_bin4_out.fits	2460672.873682	60672.867676	0.113531	1.202360	2460672.867676
110	TOI3726v4-0382_R_bin4_out.fits	2460672.874418	60672.868412	0.113595	1.205286	2460672.868412
111	TOI3726v4-0383_R_bin4_out.fits	2460672.875154	60672.869148	0.113835	1.208242	2460672.869148
112	TOI3726v4-0386_R_bin4_out.fits	2460672.877363	60672.871357	0.113286	1.217301	2460672.871357
113	TOI3726v4-0387_R_bin4_out.fits	2460672.878100	60672.872094	0.113356	1.220383	2460672.872094
114	TOI3726v4-0388_R_bin4_out.fits	2460672.878834	60672.872828	0.114115	1.223488	2460672.872828
115	TOI3726v4-0389_R_bin4_out.fits	2460672.879570	60672.873564	0.113233	1.226629	2460672.873564
116	TOI3726v4-0391_R_bin4_out.fits	2460672.881055	60672.875049	0.114178	1.233066	2460672.875049
117	TOI3726v4-0394_R_bin4_out.fits	2460672.883263	60672.877257	0.113353	1.242879	2460672.877257
118	TOI3726v4-0397_R_bin4_out.fits	2460672.885472	60672.879466	0.114307	1.253000	2460672.879466
119	TOI3726v4-0398_R_bin4_out.fits	2460672.886210	60672.880204	0.114259	1.256448	2460672.880204
120	TOI3726v4-0399_R_bin4_out.fits	2460672.886949	60672.880943	0.114168	1.259938	2460672.880943
121	TOI3726v4-0401_R_bin4_out.fits	2460672.888423	60672.882418	0.114246	1.267004	2460672.882418
122	TOI3726v4-0402_R_bin4_out.fits	2460672.889159	60672.883153	0.114135	1.270582	2460672.883153
123	TOI3726v4-0403_R_bin4_out.fits	2460672.889894	60672.883889	0.114292	1.274197	2460672.883889
124	TOI3726v4-0404_R_bin4_out.fits	2460672.890630	60672.884624	0.114307	1.277847	2460672.884624
125	TOI3726v4-0405_R_bin4_out.fits	2460672.891365	60672.885360	0.113464	1.281534	2460672.885360
126	TOI3726v4-0406_R_bin4_out.fits	2460672.892099	60672.886094	0.113928	1.285252	2460672.886094
127	TOI3726v4-0407_R_bin4_out.fits	2460672.892834	60672.886828	0.114453	1.289010	2460672.886828
128	TOI3726v4-0408_R_bin4_out.fits	2460672.893571	60672.887565	0.113951	1.292816	2460672.887565
129	TOI3726v4-0410_R_bin4_out.fits	2460672.895049	60672.889044	0.114516	1.300571	2460672.889044
130	TOI3726v4-0411_R_bin4_out.fits	2460672.895784	60672.889779	0.114531	1.304485	2460672.889779
131	TOI3726v4-0412_R_bin4_out.fits	2460672.896522	60672.890517	0.113960	1.308454	2460672.890517
132	TOI3726v4-0413_R_bin4_out.fits	2460672.897259	60672.891254	0.114279	1.312457	2460672.891254
133	TOI3726v4-0414_R_bin4_out.fits	2460672.897994	60672.891989	0.114259	1.316491	2460672.891989
134	TOI3726v4-0415_R_bin4_out.fits	2460672.898730	60672.892725	0.113636	1.320570	2460672.892725
135	TOI3726v4-0416_R_bin4_out.fits	2460672.899468	60672.893463	0.113804	1.324704	2460672.893463
136	TOI3726v4-0417_R_bin4_out.fits	2460672.900207	60672.894202	0.114245	1.328882	2460672.894202
137	TOI3726v4-0419_R_bin4_out.fits	2460672.901677	60672.895672	0.113554	1.337326	2460672.895672
138	TOI3726v4-0420_R_bin4_out.fits	2460672.902413	60672.896408	0.114231	1.341616	2460672.896408
139	TOI3726v4-0421_R_bin4_out.fits	2460672.903148	60672.897143	0.114238	1.345943	2460672.897143
140	TOI3726v4-0422_R_bin4_out.fits	2460672.903884	60672.897879	0.113878	1.350322	2460672.897879
141	TOI3726v4-0423_R_bin4_out.fits	2460672.904621	60672.898616	0.113943	1.354749	2460672.898616
142	TOI3726v4-0424_R_bin4_out.fits	2460672.905356	60672.899351	0.113857	1.359212	2460672.899351
143	TOI3726v4-0426_R_bin4_out.fits	2460672.906827	60672.900822	0.114472	1.368282	2460672.900822
144	TOI3726v4-0428_R_bin4_out.fits	2460672.908297	60672.902292	0.114708	1.377524	2460672.902292
145	TOI3726v4-0429_R_bin4_out.fits	2460672.909033	60672.903028	0.114363	1.382224	2460672.903028
146	TOI3726v4-0430_R_bin4_out.fits	2460672.909768	60672.903764	0.114617	1.386971	2460672.903764
147	TOI3726v4-0431_R_bin4_out.fits	2460672.910506	60672.904501	0.114410	1.391777	2460672.904501
148	TOI3726v4-0432_R_bin4_out.fits	2460672.911242	60672.905237	0.114774	1.396623	2460672.905237
149	TOI3726v4-0433_R_bin4_out.fits	2460672.911977	60672.905972	0.114236	1.401514	2460672.905972
150	TOI3726v4-0434_R_bin4_out.fits	2460672.912713	60672.906708	0.114373	1.406463	2460672.906708
151	TOI3726v4-0435_R_bin4_out.fits	2460672.913450	60672.907445	0.114690	1.411467	2460672.907445
152	TOI3726v4-0437_R_bin4_out.fits	2460672.914923	60672.908918	0.115437	1.421624	2460672.908918
153	TOI3726v4-0439_R_bin4_out.fits	2460672.916395	60672.910390	0.115100	1.431990	2460672.910390
154	TOI3726v4-0440_R_bin4_out.fits	2460672.917131	60672.911126	0.115499	1.437255	2460672.911126
155	TOI3726v4-0441_R_bin4_out.fits	2460672.917867	60672.911862	0.115529	1.442572	2460672.911862
156	TOI3726v4-0442_R_bin4_out.fits	2460672.918603	60672.912598	0.115279	1.447944	2460672.912598
157	TOI3726v4-0443_R_bin4_out.fits	2460672.919339	60672.913335	0.115348	1.453377	2460672.913335
158	TOI3726v4-0444_R_bin4_out.fits	2460672.920075	60672.914071	0.116177	1.458865	2460672.914071
159	TOI3726v4-0445_R_bin4_out.fits	2460672.920812	60672.914807	0.115751	1.464411	2460672.914807
160	TOI3726v4-0447_R_bin4_out.fits	2460672.922286	60672.916281	0.116018	1.475690	2460672.916281
161	TOI3726v4-0448_R_bin4_out.fits	2460672.923024	60672.917019	0.116607	1.481429	2460672.917019
162	TOI3726v4-0452_R_bin4_out.fits	2460672.925985	60672.919980	0.116619	1.505069	2460672.919980
163	TOI3726v4-0453_R_bin4_out.fits	2460672.926721	60672.920716	0.116951	1.511103	2460672.920716
164	TOI3726v4-0454_R_bin4_out.fits	2460672.927457	60672.921452	0.117676	1.517203	2460672.921452
165	TOI3726v4-0455_R_bin4_out.fits	2460672.928191	60672.922187	0.117299	1.523352	2460672.922187
166	TOI3726v4-0457_R_bin4_out.fits	2460672.929663	60672.923658	0.117620	1.535879	2460672.923658
167	TOI3726v4-0458_R_bin4_out.fits	2460672.930399	60672.924395	0.117418	1.542249	2460672.924395
168	TOI3726v4-0461_R_bin4_out.fits	2460672.932609	60672.926605	0.117535	1.561782	2460672.926605
169	TOI3726v4-0462_R_bin4_out.fits	2460672.933342	60672.927338	0.117477	1.568397	2460672.927338
170	TOI3726v4-0464_R_bin4_out.fits	2460672.934809	60672.928804	0.116980	1.581862	2460672.928804
171	TOI3726v4-0466_R_bin4_out.fits	2460672.936279	60672.930275	0.117062	1.595660	2460672.930275
172	TOI3726v4-0467_R_bin4_out.fits	2460672.937012	60672.931008	0.116760	1.602654	2460672.931008
173	TOI3726v4-0469_R_bin4_out.fits	2460672.938478	60672.932474	0.117591	1.616870	2460672.932474
174	TOI3726v4-0470_R_bin4_out.fits	2460672.939212	60672.933208	0.117222	1.624103	2460672.933208
175	TOI3726v4-0471_R_bin4_out.fits	2460672.939945	60672.933941	0.116838	1.631416	2460672.933941
176	TOI3726v4-0472_R_bin4_out.fits	2460672.940678	60672.934674	0.117763	1.638803	2460672.934674
177	TOI3726v4-0474_R_bin4_out.fits	2460672.942146	60672.936142	0.117658	1.653849	2460672.936142
178	TOI3726v4-0479_R_bin4_out.fits	2460672.945809	60672.939805	0.117256	1.692916	2460672.939805
179	TOI3726v4-0482_R_bin4_out.fits	2460672.948011	60672.942007	0.117004	1.717489	2460672.942007
180	TOI3726v4-0483_R_bin4_out.fits	2460672.948749	60672.942745	0.117499	1.725912	2460672.942745
181	TOI3726v4-0484_R_bin4_out.fits	2460672.949481	60672.943477	0.117215	1.734378	2460672.943477
182	TOI3726v4-0487_R_bin4_out.fits	2460672.951683	60672.945679	0.117635	1.760413	2460672.945679
183	TOI3726v4-0488_R_bin4_out.fits	2460672.952417	60672.946413	0.117482	1.769298	2460672.946413
184	TOI3726v4-0489_R_bin4_out.fits	2460672.953150	60672.947146	0.117271	1.778279	2460672.947146
185	TOI3726v4-0490_R_bin4_out.fits	2460672.953883	60672.947880	0.117796	1.787367	2460672.947880
186	TOI3726v4-0492_R_bin4_out.fits	2460672.955351	60672.949347	0.117789	1.805882	2460672.949347
187	TOI3726v4-0493_R_bin4_out.fits	2460672.956083	60672.950080	0.117289	1.815295	2460672.950080
188	TOI3726v4-0494_R_bin4_out.fits	2460672.956817	60672.950813	0.116859	1.824831	2460672.950813
189	TOI3726v4-0495_R_bin4_out.fits	2460672.957550	60672.951546	0.117354	1.834471	2460672.951546
190	TOI3726v4-0497_R_bin4_out.fits	2460672.959016	60672.953013	0.116656	1.854121	2460672.953013
191	TOI3726v4-0498_R_bin4_out.fits	2460672.959751	60672.953747	0.116821	1.864140	2460672.953747
192	TOI3726v4-0499_R_bin4_out.fits	2460672.960484	60672.954481	0.117255	1.874276	2460672.954481
193	TOI3726v4-0500_R_bin4_out.fits	2460672.961218	60672.955214	0.115639	1.884535	2460672.955214
194	TOI3726v4-0501_R_bin4_out.fits	2460672.961951	60672.955948	0.116777	1.894915	2460672.955948
195	TOI3726v4-0502_R_bin4_out.fits	2460672.962695	60672.956692	0.117091	1.905583	2460672.956692
196	TOI3726v4-0503_R_bin4_out.fits	2460672.963430	60672.957426	0.117637	1.916241	2460672.957426
197	TOI3726v4-0504_R_bin4_out.fits	2460672.964162	60672.958159	0.116564	1.927006	2460672.958159
198	TOI3726v4-0505_R_bin4_out.fits	2460672.964896	60672.958892	0.117861	1.937927	2460672.958892
199	TOI3726v4-0506_R_bin4_out.fits	2460672.965629	60672.959626	0.116601	1.948980	2460672.959626
200	TOI3726v4-0507_R_bin4_out.fits	2460672.966363	60672.960359	0.116024	1.960177	2460672.960359
201	TOI3726v4-0508_R_bin4_out.fits	2460672.967096	60672.961092	0.117408	1.971508	2460672.961092
202	TOI3726v4-0509_R_bin4_out.fits	2460672.967828	60672.961825	0.117375	1.982977	2460672.961825
203	TOI3726v4-0510_R_bin4_out.fits	2460672.968561	60672.962558	0.116236	1.994605	2460672.962558
204	TOI3726v4-0511_R_bin4_out.fits	2460672.969296	60672.963293	0.117185	2.006410	2460672.963293
205	TOI3726v4-0512_R_bin4_out.fits	2460672.970031	60672.964027	0.116600	2.018365	2460672.964027
206	TOI3726v4-0513_R_bin4_out.fits	2460672.970763	60672.964760	0.116469	2.030438	2460672.964760
207	TOI3726v4-0514_R_bin4_out.fits	2460672.971504	60672.965501	0.117239	2.042817	2460672.965501
208	TOI3726v4-0515_R_bin4_out.fits	2460672.972242	60672.966239	0.117140	2.055316	2460672.966239
209	TOI3726v4-0516_R_bin4_out.fits	2460672.972975	60672.966972	0.115931	2.067890	2460672.966972
210	TOI3726v4-0517_R_bin4_out.fits	2460672.973709	60672.967706	0.117865	2.080634	2460672.967706
211	TOI3726v4-0518_R_bin4_out.fits	2460672.974441	60672.968438	0.116408	2.093531	2460672.968438
212	TOI3726v4-0519_R_bin4_out.fits	2460672.975174	60672.969171	0.116655	2.106617	2460672.969171
213	TOI3726v4-0520_R_bin4_out.fits	2460672.975907	60672.969904	0.117417	2.119884	2460672.969904
214	TOI3726v4-0521_R_bin4_out.fits	2460672.976641	60672.970638	0.117100	2.133331	2460672.970638
215	TOI3726v4-0522_R_bin4_out.fits	2460672.977373	60672.971370	0.116754	2.146944	2460672.971370
216	TOI3726v4-0523_R_bin4_out.fits	2460672.978105	60672.972102	0.115849	2.160735	2460672.972102
217	TOI3726v4-0524_R_bin4_out.fits	2460672.978838	60672.972835	0.116426	2.174737	2460672.972835
218	TOI3726v4-0525_R_bin4_out.fits	2460672.979571	60672.973568	0.117567	2.188931	2460672.973568
219	TOI3726v4-0526_R_bin4_out.fits	2460672.980305	60672.974302	0.116662	2.203338	2460672.974302
220	TOI3726v4-0527_R_bin4_out.fits	2460672.981039	60672.975036	0.116800	2.217953	2460672.975036
221	TOI3726v4-0528_R_bin4_out.fits	2460672.981771	60672.975768	0.116973	2.232741	2460672.975768
222	TOI3726v4-0529_R_bin4_out.fits	2460672.982504	60672.976501	0.117459	2.247756	2460672.976501
223	TOI3726v4-0530_R_bin4_out.fits	2460672.983236	60672.977233	0.116875	2.262960	2460672.977233
224	TOI3726v4-0531_R_bin4_out.fits	2460672.983970	60672.977967	0.117113	2.278417	2460672.977967
225	TOI3726v4-0532_R_bin4_out.fits	2460672.984704	60672.978701	0.116585	2.294098	2460672.978701
226	TOI3726v4-0533_R_bin4_out.fits	2460672.985438	60672.979435	0.116918	2.310016	2460672.979435
227	TOI3726v4-0534_R_bin4_out.fits	2460672.986172	60672.980169	0.117342	2.326160	2460672.980169
228	TOI3726v4-0535_R_bin4_out.fits	2460672.986907	60672.980904	0.115985	2.342556	2460672.980904
229	TOI3726v4-0536_R_bin4_out.fits	2460672.987640	60672.981637	0.116918	2.359165	2460672.981637
230	TOI3726v4-0537_R_bin4_out.fits	2460672.988373	60672.982370	0.116927	2.376005	2460672.982370
231	TOI3726v4-0538_R_bin4_out.fits	2460672.989107	60672.983104	0.116934	2.393118	2460672.983104
232	TOI3726v4-0539_R_bin4_out.fits	2460672.989839	60672.983837	0.117484	2.410466	2460672.983837
233	TOI3726v4-0540_R_bin4_out.fits	2460672.990573	60672.984570	0.117806	2.428086	2460672.984570
234	TOI3726v4-0541_R_bin4_out.fits	2460672.991307	60672.985304	0.117543	2.445996	2460672.985304
235	TOI3726v4-0542_R_bin4_out.fits	2460672.992042	60672.986039	0.115835	2.464188	2460672.986039
236	TOI3726v4-0543_R_bin4_out.fits	2460672.992775	60672.986772	0.116842	2.482619	2460672.986772
237	TOI3726v4-0544_R_bin4_out.fits	2460672.993514	60672.987511	0.116680	2.501491	2460672.987511
238	TOI3726v4-0545_R_bin4_out.fits	2460672.994251	60672.988249	0.117555	2.520616	2460672.988249
239	TOI3726v4-0546_R_bin4_out.fits	2460672.994991	60672.988989	0.117247	2.540106	2460672.988989
240	TOI3726v4-0547_R_bin4_out.fits	2460672.995728	60672.989726	0.117168	2.559830	2460672.989726
241	TOI3726v4-0548_R_bin4_out.fits	2460672.996463	60672.990461	0.117173	2.579807	2460672.990461
242	TOI3726v4-0549_R_bin4_out.fits	2460672.997204	60672.991202	0.117083	2.600271	2460672.991202
243	TOI3726v4-0550_R_bin4_out.fits	2460672.997943	60672.991941	0.117710	2.621017	2460672.991941
244	TOI3726v4-0551_R_bin4_out.fits	2460672.998684	60672.992681	0.116899	2.642133	2460672.992681
245	TOI3726v4-0552_R_bin4_out.fits	2460672.999422	60672.993419	0.117215	2.663527	2460672.993419
246	TOI3726v4-0553_R_bin4_out.fits	2460673.000161	60672.994159	0.117115	2.685324	2460672.994159
247	TOI3726v4-0554_R_bin4_out.fits	2460673.000903	60672.994900	0.116596	2.707529	2460672.994900
248	TOI3726v4-0555_R_bin4_out.fits	2460673.001640	60672.995638	0.116859	2.729992	2460672.995638
249	TOI3726v4-0556_R_bin4_out.fits	2460673.002382	60672.996379	0.117612	2.752943	2460672.996379
250	TOI3726v4-0557_R_bin4_out.fits	2460673.003122	60672.997120	0.118127	2.776269	2460672.997120
251	TOI3726v4-0558_R_bin4_out.fits	2460673.003862	60672.997860	0.115734	2.799963	2460672.997860
252	TOI3726v4-0559_R_bin4_out.fits	2460673.004604	60672.998602	0.116674	2.824148	2460672.998602
253	TOI3726v4-0560_R_bin4_out.fits	2460673.005347	60672.999345	0.117030	2.848767	2460672.999345
254	TOI3726v4-0561_R_bin4_out.fits	2460673.006084	60673.000081	0.116918	2.873597	2460673.000081
