#	Label	BJD_TDB	J.D.-2400000	rel_flux_T1	AIRMASS	JD_UTC
1	TOI3726v2-0143_L_bin4_out.fits	2460609.834555	60609.829981	0.091443	1.138336	2460609.829981
2	TOI3726v2-0144_L_bin4_out.fits	2460609.835183	60609.830609	0.090931	1.136426	2460609.830609
3	TOI3726v2-0145_L_bin4_out.fits	2460609.835800	60609.831226	0.091361	1.134566	2460609.831226
4	TOI3726v2-0146_L_bin4_out.fits	2460609.836416	60609.831842	0.091469	1.132724	2460609.831842
5	TOI3726v2-0147_L_bin4_out.fits	2460609.837033	60609.832459	0.091347	1.130897	2460609.832459
6	TOI3726v2-0149_L_bin4_out.fits	2460609.838269	60609.833694	0.091195	1.127290	2460609.833694
7	TOI3726v2-0150_L_bin4_out.fits	2460609.838885	60609.834310	0.091475	1.125514	2460609.834310
8	TOI3726v2-0151_L_bin4_out.fits	2460609.839502	60609.834927	0.091625	1.123753	2460609.834927
9	TOI3726v2-0152_L_bin4_out.fits	2460609.840120	60609.835545	0.091342	1.122004	2460609.835545
10	TOI3726v2-0153_L_bin4_out.fits	2460609.840737	60609.836163	0.091044	1.120273	2460609.836163
11	TOI3726v2-0155_L_bin4_out.fits	2460609.841972	60609.837397	0.091285	1.116861	2460609.837397
12	TOI3726v2-0156_L_bin4_out.fits	2460609.842588	60609.838013	0.091531	1.115181	2460609.838013
13	TOI3726v2-0158_L_bin4_out.fits	2460609.843821	60609.839246	0.091272	1.111865	2460609.839246
14	TOI3726v2-0159_L_bin4_out.fits	2460609.844438	60609.839863	0.091125	1.110231	2460609.839863
15	TOI3726v2-0160_L_bin4_out.fits	2460609.845055	60609.840480	0.091568	1.108609	2460609.840480
16	TOI3726v2-0162_L_bin4_out.fits	2460609.846290	60609.841715	0.091132	1.105412	2460609.841715
17	TOI3726v2-0163_L_bin4_out.fits	2460609.846907	60609.842332	0.091231	1.103836	2460609.842332
18	TOI3726v2-0164_L_bin4_out.fits	2460609.847524	60609.842949	0.091124	1.102277	2460609.842949
19	TOI3726v2-0166_L_bin4_out.fits	2460609.848756	60609.844181	0.091111	1.099206	2460609.844181
20	TOI3726v2-0167_L_bin4_out.fits	2460609.849374	60609.844799	0.091361	1.097688	2460609.844799
21	TOI3726v2-0168_L_bin4_out.fits	2460609.849991	60609.845416	0.091571	1.096187	2460609.845416
22	TOI3726v2-0170_L_bin4_out.fits	2460609.851224	60609.846649	0.091065	1.093231	2460609.846649
23	TOI3726v2-0173_L_bin4_out.fits	2460609.853077	60609.848501	0.091228	1.088897	2460609.848501
24	TOI3726v2-0175_L_bin4_out.fits	2460609.854309	60609.849733	0.091237	1.086086	2460609.849733
25	TOI3726v2-0177_L_bin4_out.fits	2460609.855560	60609.850984	0.091011	1.083289	2460609.850984
26	TOI3726v2-0179_L_bin4_out.fits	2460609.856815	60609.852240	0.091244	1.080539	2460609.852240
27	TOI3726v2-0180_L_bin4_out.fits	2460609.857442	60609.852866	0.091225	1.079187	2460609.852866
28	TOI3726v2-0181_L_bin4_out.fits	2460609.858070	60609.853495	0.091103	1.077847	2460609.853495
29	TOI3726v2-0183_L_bin4_out.fits	2460609.859325	60609.854749	0.091219	1.075213	2460609.854749
30	TOI3726v2-0185_L_bin4_out.fits	2460609.860574	60609.855998	0.091471	1.072645	2460609.855998
31	TOI3726v2-0186_L_bin4_out.fits	2460609.861199	60609.856623	0.091486	1.071380	2460609.856623
32	TOI3726v2-0188_L_bin4_out.fits	2460609.862452	60609.857876	0.090952	1.068885	2460609.857876
33	TOI3726v2-0192_L_bin4_out.fits	2460609.864960	60609.860384	0.091620	1.064055	2460609.860384
34	TOI3726v2-0193_L_bin4_out.fits	2460609.865589	60609.861013	0.091531	1.062879	2460609.861013
35	TOI3726v2-0194_L_bin4_out.fits	2460609.866221	60609.861644	0.091047	1.061709	2460609.861644
36	TOI3726v2-0195_L_bin4_out.fits	2460609.866850	60609.862273	0.091046	1.060558	2460609.862273
37	TOI3726v2-0196_L_bin4_out.fits	2460609.867479	60609.862903	0.091361	1.059419	2460609.862903
38	TOI3726v2-0197_L_bin4_out.fits	2460609.868112	60609.863536	0.091277	1.058288	2460609.863536
39	TOI3726v2-0198_L_bin4_out.fits	2460609.868740	60609.864164	0.091485	1.057178	2460609.864164
40	TOI3726v2-0199_L_bin4_out.fits	2460609.869369	60609.864792	0.091147	1.056080	2460609.864792
41	TOI3726v2-0200_L_bin4_out.fits	2460609.869998	60609.865422	0.091313	1.054994	2460609.865422
42	TOI3726v2-0202_L_bin4_out.fits	2460609.871263	60609.866686	0.091247	1.052850	2460609.866686
43	TOI3726v2-0203_L_bin4_out.fits	2460609.871891	60609.867314	0.091586	1.051805	2460609.867314
44	TOI3726v2-0205_L_bin4_out.fits	2460609.873155	60609.868579	0.091248	1.049739	2460609.868579
45	TOI3726v2-0206_L_bin4_out.fits	2460609.873775	60609.869198	0.091036	1.048745	2460609.869198
46	TOI3726v2-0207_L_bin4_out.fits	2460609.874394	60609.869817	0.091074	1.047766	2460609.869817
47	TOI3726v2-0208_L_bin4_out.fits	2460609.875017	60609.870440	0.091102	1.046791	2460609.870440
48	TOI3726v2-0209_L_bin4_out.fits	2460609.875634	60609.871057	0.091102	1.045839	2460609.871057
49	TOI3726v2-0210_L_bin4_out.fits	2460609.876252	60609.871675	0.091365	1.044896	2460609.871675
50	TOI3726v2-0211_L_bin4_out.fits	2460609.876871	60609.872294	0.091250	1.043964	2460609.872294
51	TOI3726v2-0212_L_bin4_out.fits	2460609.877490	60609.872912	0.090965	1.043045	2460609.872912
52	TOI3726v2-0213_L_bin4_out.fits	2460609.878108	60609.873531	0.091081	1.042138	2460609.873531
53	TOI3726v2-0215_L_bin4_out.fits	2460609.879343	60609.874765	0.090981	1.040362	2460609.874765
54	TOI3726v2-0218_L_bin4_out.fits	2460609.881198	60609.876621	0.090993	1.037781	2460609.876621
55	TOI3726v2-0219_L_bin4_out.fits	2460609.881816	60609.877239	0.091426	1.036945	2460609.877239
56	TOI3726v2-0220_L_bin4_out.fits	2460609.882435	60609.877857	0.090923	1.036119	2460609.877857
57	TOI3726v2-0222_L_bin4_out.fits	2460609.883672	60609.879095	0.091259	1.034503	2460609.879095
58	TOI3726v2-0223_L_bin4_out.fits	2460609.884289	60609.879711	0.091514	1.033714	2460609.879711
59	TOI3726v2-0225_L_bin4_out.fits	2460609.885523	60609.880945	0.090872	1.032172	2460609.880945
60	TOI3726v2-0226_L_bin4_out.fits	2460609.886141	60609.881563	0.090858	1.031416	2460609.881563
61	TOI3726v2-0229_L_bin4_out.fits	2460609.887994	60609.883416	0.091015	1.029216	2460609.883416
62	TOI3726v2-0232_L_bin4_out.fits	2460609.889845	60609.885267	0.091149	1.027121	2460609.885267
63	TOI3726v2-0233_L_bin4_out.fits	2460609.890461	60609.885883	0.090595	1.026446	2460609.885883
64	TOI3726v2-0234_L_bin4_out.fits	2460609.891076	60609.886498	0.090726	1.025783	2460609.886498
65	TOI3726v2-0238_L_bin4_out.fits	2460609.893546	60609.888968	0.090257	1.023230	2460609.888968
66	TOI3726v2-0239_L_bin4_out.fits	2460609.894163	60609.889585	0.090580	1.022619	2460609.889585
67	TOI3726v2-0241_L_bin4_out.fits	2460609.895404	60609.890825	0.090567	1.021425	2460609.890825
68	TOI3726v2-0242_L_bin4_out.fits	2460609.896021	60609.891442	0.090605	1.020848	2460609.891442
69	TOI3726v2-0243_L_bin4_out.fits	2460609.896639	60609.892060	0.090067	1.020280	2460609.892060
70	TOI3726v2-0244_L_bin4_out.fits	2460609.897256	60609.892678	0.090292	1.019724	2460609.892678
71	TOI3726v2-0245_L_bin4_out.fits	2460609.897872	60609.893294	0.090294	1.019179	2460609.893294
72	TOI3726v2-0246_L_bin4_out.fits	2460609.898488	60609.893910	0.089716	1.018645	2460609.893910
73	TOI3726v2-0247_L_bin4_out.fits	2460609.899105	60609.894527	0.090013	1.018121	2460609.894527
74	TOI3726v2-0248_L_bin4_out.fits	2460609.899722	60609.895144	0.089694	1.017608	2460609.895144
75	TOI3726v2-0249_L_bin4_out.fits	2460609.900339	60609.895760	0.089556	1.017106	2460609.895760
76	TOI3726v2-0250_L_bin4_out.fits	2460609.900956	60609.896377	0.089447	1.016614	2460609.896377
77	TOI3726v2-0251_L_bin4_out.fits	2460609.901575	60609.896996	0.089380	1.016131	2460609.896996
78	TOI3726v2-0252_L_bin4_out.fits	2460609.902192	60609.897613	0.089743	1.015660	2460609.897613
79	TOI3726v2-0254_L_bin4_out.fits	2460609.903425	60609.898846	0.089677	1.014751	2460609.898846
80	TOI3726v2-0258_L_bin4_out.fits	2460609.905891	60609.901312	0.089255	1.013058	2460609.901312
81	TOI3726v2-0259_L_bin4_out.fits	2460609.906509	60609.901930	0.089198	1.012660	2460609.901930
82	TOI3726v2-0261_L_bin4_out.fits	2460609.907744	60609.903165	0.089046	1.011896	2460609.903165
83	TOI3726v2-0262_L_bin4_out.fits	2460609.908360	60609.903781	0.089012	1.011531	2460609.903781
84	TOI3726v2-0264_L_bin4_out.fits	2460609.909595	60609.905015	0.089089	1.010829	2460609.905015
85	TOI3726v2-0265_L_bin4_out.fits	2460609.910210	60609.905631	0.088811	1.010495	2460609.905631
86	TOI3726v2-0266_L_bin4_out.fits	2460609.910827	60609.906247	0.089291	1.010170	2460609.906247
87	TOI3726v2-0267_L_bin4_out.fits	2460609.911445	60609.906865	0.089374	1.009856	2460609.906865
88	TOI3726v2-0268_L_bin4_out.fits	2460609.912062	60609.907482	0.088969	1.009551	2460609.907482
89	TOI3726v2-0269_L_bin4_out.fits	2460609.912679	60609.908100	0.088764	1.009257	2460609.908100
90	TOI3726v2-0271_L_bin4_out.fits	2460609.913914	60609.909334	0.088665	1.008700	2460609.909334
91	TOI3726v2-0272_L_bin4_out.fits	2460609.914531	60609.909951	0.089283	1.008437	2460609.909951
92	TOI3726v2-0273_L_bin4_out.fits	2460609.915147	60609.910567	0.089280	1.008185	2460609.910567
93	TOI3726v2-0276_L_bin4_out.fits	2460609.916997	60609.912417	0.088883	1.007488	2460609.912417
94	TOI3726v2-0278_L_bin4_out.fits	2460609.918232	60609.913652	0.089256	1.007073	2460609.913652
95	TOI3726v2-0279_L_bin4_out.fits	2460609.918849	60609.914269	0.088883	1.006882	2460609.914269
96	TOI3726v2-0280_L_bin4_out.fits	2460609.919465	60609.914885	0.089165	1.006700	2460609.914885
97	TOI3726v2-0281_L_bin4_out.fits	2460609.920097	60609.915517	0.088834	1.006525	2460609.915517
98	TOI3726v2-0282_L_bin4_out.fits	2460609.920714	60609.916134	0.089136	1.006364	2460609.916134
99	TOI3726v2-0283_L_bin4_out.fits	2460609.921331	60609.916751	0.088868	1.006213	2460609.916751
100	TOI3726v2-0284_L_bin4_out.fits	2460609.921951	60609.917371	0.088896	1.006072	2460609.917371
101	TOI3726v2-0285_L_bin4_out.fits	2460609.922571	60609.917990	0.088907	1.005940	2460609.917990
102	TOI3726v2-0286_L_bin4_out.fits	2460609.923189	60609.918609	0.088836	1.005820	2460609.918609
103	TOI3726v2-0287_L_bin4_out.fits	2460609.923810	60609.919230	0.088951	1.005709	2460609.919230
104	TOI3726v2-0288_L_bin4_out.fits	2460609.924429	60609.919849	0.088792	1.005608	2460609.919849
105	TOI3726v2-0291_L_bin4_out.fits	2460609.926285	60609.921704	0.088868	1.005368	2460609.921704
106	TOI3726v2-0293_L_bin4_out.fits	2460609.927523	60609.922943	0.088920	1.005259	2460609.922943
107	TOI3726v2-0294_L_bin4_out.fits	2460609.928142	60609.923562	0.088829	1.005219	2460609.923562
108	TOI3726v2-0295_L_bin4_out.fits	2460609.928763	60609.924182	0.088854	1.005190	2460609.924182
109	TOI3726v2-0296_L_bin4_out.fits	2460609.929382	60609.924802	0.088611	1.005171	2460609.924802
110	TOI3726v2-0298_L_bin4_out.fits	2460609.930623	60609.926042	0.088927	1.005163	2460609.926042
111	TOI3726v2-0299_L_bin4_out.fits	2460609.931241	60609.926661	0.088348	1.005174	2460609.926661
112	TOI3726v2-0300_L_bin4_out.fits	2460609.931858	60609.927277	0.088643	1.005195	2460609.927277
113	TOI3726v2-0303_L_bin4_out.fits	2460609.933716	60609.929135	0.088449	1.005321	2460609.929135
114	TOI3726v2-0304_L_bin4_out.fits	2460609.934336	60609.929755	0.088580	1.005383	2460609.929755
115	TOI3726v2-0305_L_bin4_out.fits	2460609.934957	60609.930376	0.088563	1.005455	2460609.930376
116	TOI3726v2-0306_L_bin4_out.fits	2460609.935576	60609.930995	0.088954	1.005538	2460609.930995
117	TOI3726v2-0307_L_bin4_out.fits	2460609.936195	60609.931614	0.088570	1.005630	2460609.931614
118	TOI3726v2-0308_L_bin4_out.fits	2460609.936814	60609.932232	0.088331	1.005733	2460609.932232
119	TOI3726v2-0309_L_bin4_out.fits	2460609.937432	60609.932851	0.088700	1.005846	2460609.932851
120	TOI3726v2-0310_L_bin4_out.fits	2460609.938051	60609.933470	0.088573	1.005969	2460609.933470
121	TOI3726v2-0312_L_bin4_out.fits	2460609.939291	60609.934710	0.088636	1.006246	2460609.934710
122	TOI3726v2-0315_L_bin4_out.fits	2460609.941149	60609.936568	0.089046	1.006738	2460609.936568
123	TOI3726v2-0316_L_bin4_out.fits	2460609.941769	60609.937187	0.088863	1.006922	2460609.937187
124	TOI3726v2-0317_L_bin4_out.fits	2460609.942388	60609.937807	0.088501	1.007117	2460609.937807
125	TOI3726v2-0319_L_bin4_out.fits	2460609.943625	60609.939044	0.088843	1.007537	2460609.939044
126	TOI3726v2-0322_L_bin4_out.fits	2460609.945485	60609.940903	0.088865	1.008244	2460609.940903
127	TOI3726v2-0323_L_bin4_out.fits	2460609.946106	60609.941524	0.088683	1.008501	2460609.941524
128	TOI3726v2-0324_L_bin4_out.fits	2460609.946739	60609.942158	0.088847	1.008774	2460609.942158
129	TOI3726v2-0325_L_bin4_out.fits	2460609.947359	60609.942777	0.088779	1.009051	2460609.942777
130	TOI3726v2-0326_L_bin4_out.fits	2460609.947978	60609.943396	0.088395	1.009339	2460609.943396
131	TOI3726v2-0327_L_bin4_out.fits	2460609.948597	60609.944014	0.088650	1.009636	2460609.944014
132	TOI3726v2-0329_L_bin4_out.fits	2460609.949833	60609.945251	0.088678	1.010262	2460609.945251
133	TOI3726v2-0330_L_bin4_out.fits	2460609.950452	60609.945870	0.088452	1.010591	2460609.945870
134	TOI3726v2-0331_L_bin4_out.fits	2460609.951072	60609.946489	0.088951	1.010930	2460609.946489
135	TOI3726v2-0332_L_bin4_out.fits	2460609.951690	60609.947107	0.088354	1.011279	2460609.947107
136	TOI3726v2-0333_L_bin4_out.fits	2460609.952309	60609.947727	0.088755	1.011640	2460609.947727
137	TOI3726v2-0335_L_bin4_out.fits	2460609.953544	60609.948961	0.088939	1.012389	2460609.948961
138	TOI3726v2-0336_L_bin4_out.fits	2460609.954162	60609.949579	0.088990	1.012779	2460609.949579
139	TOI3726v2-0337_L_bin4_out.fits	2460609.954781	60609.950198	0.088442	1.013181	2460609.950198
140	TOI3726v2-0338_L_bin4_out.fits	2460609.955400	60609.950817	0.089038	1.013594	2460609.950817
141	TOI3726v2-0339_L_bin4_out.fits	2460609.956019	60609.951436	0.088512	1.014016	2460609.951436
142	TOI3726v2-0341_L_bin4_out.fits	2460609.957255	60609.952672	0.088915	1.014892	2460609.952672
143	TOI3726v2-0342_L_bin4_out.fits	2460609.957873	60609.953290	0.089060	1.015346	2460609.953290
144	TOI3726v2-0343_L_bin4_out.fits	2460609.958491	60609.953908	0.089088	1.015810	2460609.953908
145	TOI3726v2-0344_L_bin4_out.fits	2460609.959109	60609.954526	0.088755	1.016286	2460609.954526
146	TOI3726v2-0345_L_bin4_out.fits	2460609.959727	60609.955144	0.088884	1.016771	2460609.955144
147	TOI3726v2-0348_L_bin4_out.fits	2460609.961584	60609.957001	0.088968	1.018294	2460609.957001
148	TOI3726v2-0349_L_bin4_out.fits	2460609.962204	60609.957621	0.088931	1.018824	2460609.957621
149	TOI3726v2-0351_L_bin4_out.fits	2460609.963440	60609.958857	0.088625	1.019914	2460609.958857
150	TOI3726v2-0352_L_bin4_out.fits	2460609.964058	60609.959475	0.089188	1.020474	2460609.959475
151	TOI3726v2-0353_L_bin4_out.fits	2460609.964676	60609.960093	0.088932	1.021046	2460609.960093
152	TOI3726v2-0354_L_bin4_out.fits	2460609.965295	60609.960711	0.088949	1.021629	2460609.960711
153	TOI3726v2-0355_L_bin4_out.fits	2460609.965913	60609.961330	0.089073	1.022222	2460609.961330
154	TOI3726v2-0356_L_bin4_out.fits	2460609.966533	60609.961950	0.089217	1.022828	2460609.961950
155	TOI3726v2-0358_L_bin4_out.fits	2460609.967771	60609.963187	0.088988	1.024071	2460609.963187
156	TOI3726v2-0360_L_bin4_out.fits	2460609.969008	60609.964424	0.088616	1.025358	2460609.964424
157	TOI3726v2-0363_L_bin4_out.fits	2460609.970862	60609.966279	0.089165	1.027369	2460609.966279
158	TOI3726v2-0364_L_bin4_out.fits	2460609.971481	60609.966897	0.088911	1.028062	2460609.966897
159	TOI3726v2-0366_L_bin4_out.fits	2460609.972719	60609.968135	0.089132	1.029483	2460609.968135
160	TOI3726v2-0367_L_bin4_out.fits	2460609.973339	60609.968755	0.089036	1.030212	2460609.968755
161	TOI3726v2-0371_L_bin4_out.fits	2460609.975811	60609.971227	0.089123	1.033229	2460609.971227
162	TOI3726v2-0372_L_bin4_out.fits	2460609.976429	60609.971845	0.088961	1.034012	2460609.971845
163	TOI3726v2-0373_L_bin4_out.fits	2460609.977047	60609.972463	0.089451	1.034807	2460609.972463
164	TOI3726v2-0374_L_bin4_out.fits	2460609.977665	60609.973081	0.089458	1.035613	2460609.973081
165	TOI3726v2-0375_L_bin4_out.fits	2460609.978284	60609.973700	0.089649	1.036431	2460609.973700
166	TOI3726v2-0376_L_bin4_out.fits	2460609.978904	60609.974320	0.089095	1.037263	2460609.974320
167	TOI3726v2-0377_L_bin4_out.fits	2460609.979522	60609.974938	0.089342	1.038103	2460609.974938
168	TOI3726v2-0380_L_bin4_out.fits	2460609.981376	60609.976792	0.089297	1.040696	2460609.976792
169	TOI3726v2-0381_L_bin4_out.fits	2460609.981994	60609.977410	0.090067	1.041583	2460609.977410
170	TOI3726v2-0382_L_bin4_out.fits	2460609.982613	60609.978029	0.089893	1.042484	2460609.978029
171	TOI3726v2-0383_L_bin4_out.fits	2460609.983231	60609.978647	0.090066	1.043395	2460609.978647
172	TOI3726v2-0384_L_bin4_out.fits	2460609.983850	60609.979265	0.089682	1.044319	2460609.979265
173	TOI3726v2-0387_L_bin4_out.fits	2460609.985705	60609.981120	0.089916	1.047162	2460609.981120
174	TOI3726v2-0388_L_bin4_out.fits	2460609.986323	60609.981738	0.090453	1.048133	2460609.981738
175	TOI3726v2-0390_L_bin4_out.fits	2460609.987560	60609.982975	0.090082	1.050114	2460609.982975
176	TOI3726v2-0393_L_bin4_out.fits	2460609.989415	60609.984830	0.090348	1.053176	2460609.984830
177	TOI3726v2-0395_L_bin4_out.fits	2460609.990653	60609.986068	0.090855	1.055281	2460609.986068
178	TOI3726v2-0396_L_bin4_out.fits	2460609.991271	60609.986686	0.090696	1.056351	2460609.986686
179	TOI3726v2-0397_L_bin4_out.fits	2460609.991889	60609.987304	0.090753	1.057434	2460609.987304
180	TOI3726v2-0398_L_bin4_out.fits	2460609.992508	60609.987923	0.090975	1.058530	2460609.987923
181	TOI3726v2-0399_L_bin4_out.fits	2460609.993126	60609.988541	0.090466	1.059638	2460609.988541
182	TOI3726v2-0400_L_bin4_out.fits	2460609.993744	60609.989159	0.090831	1.060759	2460609.989159
183	TOI3726v2-0401_L_bin4_out.fits	2460609.994371	60609.989786	0.090837	1.061907	2460609.989786
184	TOI3726v2-0402_L_bin4_out.fits	2460609.994989	60609.990403	0.090634	1.063053	2460609.990403
185	TOI3726v2-0404_L_bin4_out.fits	2460609.996227	60609.991642	0.090923	1.065389	2460609.991642
186	TOI3726v2-0405_L_bin4_out.fits	2460609.996845	60609.992260	0.090727	1.066574	2460609.992260
187	TOI3726v2-0407_L_bin4_out.fits	2460609.998080	60609.993494	0.090787	1.068980	2460609.993494
188	TOI3726v2-0408_L_bin4_out.fits	2460609.998697	60609.994112	0.090921	1.070204	2460609.994112
189	TOI3726v2-0409_L_bin4_out.fits	2460609.999316	60609.994731	0.091068	1.071443	2460609.994731
190	TOI3726v2-0410_L_bin4_out.fits	2460609.999934	60609.995349	0.091125	1.072694	2460609.995349
191	TOI3726v2-0412_L_bin4_out.fits	2460610.001173	60609.996587	0.091177	1.075241	2460609.996587
192	TOI3726v2-0413_L_bin4_out.fits	2460610.001792	60609.997207	0.092225	1.076535	2460609.997207
