#	Label	BJD_TDB	J.D.-2400000	rel_flux_T1	AIRMASS	JD_UTC
1	TOI3726v2-0143_L_bin4_out.fits	2460609.834555	60609.829981	0.099246	1.138336	2460609.829981
2	TOI3726v2-0144_L_bin4_out.fits	2460609.835183	60609.830609	0.098722	1.136426	2460609.830609
3	TOI3726v2-0145_L_bin4_out.fits	2460609.835800	60609.831226	0.099162	1.134566	2460609.831226
4	TOI3726v2-0146_L_bin4_out.fits	2460609.836416	60609.831842	0.099228	1.132724	2460609.831842
5	TOI3726v2-0147_L_bin4_out.fits	2460609.837033	60609.832459	0.099209	1.130897	2460609.832459
6	TOI3726v2-0149_L_bin4_out.fits	2460609.838269	60609.833694	0.098921	1.127290	2460609.833694
7	TOI3726v2-0150_L_bin4_out.fits	2460609.838885	60609.834310	0.099309	1.125514	2460609.834310
8	TOI3726v2-0151_L_bin4_out.fits	2460609.839502	60609.834927	0.099330	1.123753	2460609.834927
9	TOI3726v2-0152_L_bin4_out.fits	2460609.840120	60609.835545	0.099216	1.122004	2460609.835545
10	TOI3726v2-0153_L_bin4_out.fits	2460609.840737	60609.836163	0.098783	1.120273	2460609.836163
11	TOI3726v2-0155_L_bin4_out.fits	2460609.841972	60609.837397	0.099184	1.116861	2460609.837397
12	TOI3726v2-0156_L_bin4_out.fits	2460609.842588	60609.838013	0.099219	1.115181	2460609.838013
13	TOI3726v2-0157_L_bin4_out.fits	2460609.843205	60609.838630	0.098719	1.113515	2460609.838630
14	TOI3726v2-0158_L_bin4_out.fits	2460609.843821	60609.839246	0.099041	1.111865	2460609.839246
15	TOI3726v2-0159_L_bin4_out.fits	2460609.844438	60609.839863	0.098858	1.110231	2460609.839863
16	TOI3726v2-0160_L_bin4_out.fits	2460609.845055	60609.840480	0.099378	1.108609	2460609.840480
17	TOI3726v2-0162_L_bin4_out.fits	2460609.846290	60609.841715	0.098792	1.105412	2460609.841715
18	TOI3726v2-0163_L_bin4_out.fits	2460609.846907	60609.842332	0.099054	1.103836	2460609.842332
19	TOI3726v2-0164_L_bin4_out.fits	2460609.847524	60609.842949	0.098810	1.102277	2460609.842949
20	TOI3726v2-0166_L_bin4_out.fits	2460609.848756	60609.844181	0.098875	1.099206	2460609.844181
21	TOI3726v2-0167_L_bin4_out.fits	2460609.849374	60609.844799	0.099098	1.097688	2460609.844799
22	TOI3726v2-0168_L_bin4_out.fits	2460609.849991	60609.845416	0.099396	1.096187	2460609.845416
23	TOI3726v2-0170_L_bin4_out.fits	2460609.851224	60609.846649	0.098807	1.093231	2460609.846649
24	TOI3726v2-0173_L_bin4_out.fits	2460609.853077	60609.848501	0.099055	1.088897	2460609.848501
25	TOI3726v2-0175_L_bin4_out.fits	2460609.854309	60609.849733	0.099033	1.086086	2460609.849733
26	TOI3726v2-0177_L_bin4_out.fits	2460609.855560	60609.850984	0.098725	1.083289	2460609.850984
27	TOI3726v2-0179_L_bin4_out.fits	2460609.856815	60609.852240	0.098991	1.080539	2460609.852240
28	TOI3726v2-0180_L_bin4_out.fits	2460609.857442	60609.852866	0.099006	1.079187	2460609.852866
29	TOI3726v2-0181_L_bin4_out.fits	2460609.858070	60609.853495	0.098836	1.077847	2460609.853495
30	TOI3726v2-0182_L_bin4_out.fits	2460609.858699	60609.854123	0.099397	1.076521	2460609.854123
31	TOI3726v2-0183_L_bin4_out.fits	2460609.859325	60609.854749	0.098938	1.075213	2460609.854749
32	TOI3726v2-0185_L_bin4_out.fits	2460609.860574	60609.855998	0.099348	1.072645	2460609.855998
33	TOI3726v2-0186_L_bin4_out.fits	2460609.861199	60609.856623	0.099330	1.071380	2460609.856623
34	TOI3726v2-0193_L_bin4_out.fits	2460609.865589	60609.861013	0.099395	1.062879	2460609.861013
35	TOI3726v2-0194_L_bin4_out.fits	2460609.866221	60609.861644	0.098837	1.061709	2460609.861644
36	TOI3726v2-0195_L_bin4_out.fits	2460609.866850	60609.862273	0.098946	1.060558	2460609.862273
37	TOI3726v2-0196_L_bin4_out.fits	2460609.867479	60609.862903	0.099098	1.059419	2460609.862903
38	TOI3726v2-0197_L_bin4_out.fits	2460609.868112	60609.863536	0.099152	1.058288	2460609.863536
39	TOI3726v2-0198_L_bin4_out.fits	2460609.868740	60609.864164	0.099311	1.057178	2460609.864164
40	TOI3726v2-0199_L_bin4_out.fits	2460609.869369	60609.864792	0.098942	1.056080	2460609.864792
41	TOI3726v2-0200_L_bin4_out.fits	2460609.869998	60609.865422	0.099270	1.054994	2460609.865422
42	TOI3726v2-0202_L_bin4_out.fits	2460609.871263	60609.866686	0.099084	1.052850	2460609.866686
43	TOI3726v2-0203_L_bin4_out.fits	2460609.871891	60609.867314	0.099387	1.051805	2460609.867314
44	TOI3726v2-0205_L_bin4_out.fits	2460609.873155	60609.868579	0.099101	1.049739	2460609.868579
45	TOI3726v2-0206_L_bin4_out.fits	2460609.873775	60609.869198	0.098781	1.048745	2460609.869198
46	TOI3726v2-0207_L_bin4_out.fits	2460609.874394	60609.869817	0.098897	1.047766	2460609.869817
47	TOI3726v2-0208_L_bin4_out.fits	2460609.875017	60609.870440	0.098905	1.046791	2460609.870440
48	TOI3726v2-0209_L_bin4_out.fits	2460609.875634	60609.871057	0.098897	1.045839	2460609.871057
49	TOI3726v2-0210_L_bin4_out.fits	2460609.876252	60609.871675	0.099172	1.044896	2460609.871675
50	TOI3726v2-0211_L_bin4_out.fits	2460609.876871	60609.872294	0.099105	1.043964	2460609.872294
51	TOI3726v2-0212_L_bin4_out.fits	2460609.877490	60609.872912	0.098719	1.043045	2460609.872912
52	TOI3726v2-0213_L_bin4_out.fits	2460609.878108	60609.873531	0.098922	1.042138	2460609.873531
53	TOI3726v2-0215_L_bin4_out.fits	2460609.879343	60609.874765	0.098823	1.040362	2460609.874765
54	TOI3726v2-0218_L_bin4_out.fits	2460609.881198	60609.876621	0.098761	1.037781	2460609.876621
55	TOI3726v2-0219_L_bin4_out.fits	2460609.881816	60609.877239	0.099314	1.036945	2460609.877239
56	TOI3726v2-0220_L_bin4_out.fits	2460609.882435	60609.877857	0.098717	1.036119	2460609.877857
57	TOI3726v2-0221_L_bin4_out.fits	2460609.883053	60609.878475	0.099363	1.035306	2460609.878475
58	TOI3726v2-0222_L_bin4_out.fits	2460609.883672	60609.879095	0.099128	1.034503	2460609.879095
59	TOI3726v2-0223_L_bin4_out.fits	2460609.884289	60609.879711	0.099296	1.033714	2460609.879711
60	TOI3726v2-0225_L_bin4_out.fits	2460609.885523	60609.880945	0.098691	1.032172	2460609.880945
61	TOI3726v2-0226_L_bin4_out.fits	2460609.886141	60609.881563	0.098598	1.031416	2460609.881563
62	TOI3726v2-0229_L_bin4_out.fits	2460609.887994	60609.883416	0.098759	1.029216	2460609.883416
63	TOI3726v2-0230_L_bin4_out.fits	2460609.888611	60609.884033	0.098408	1.028507	2460609.884033
64	TOI3726v2-0232_L_bin4_out.fits	2460609.889845	60609.885267	0.098969	1.027121	2460609.885267
65	TOI3726v2-0233_L_bin4_out.fits	2460609.890461	60609.885883	0.098312	1.026446	2460609.885883
66	TOI3726v2-0234_L_bin4_out.fits	2460609.891076	60609.886498	0.098565	1.025783	2460609.886498
67	TOI3726v2-0239_L_bin4_out.fits	2460609.894163	60609.889585	0.098322	1.022619	2460609.889585
68	TOI3726v2-0241_L_bin4_out.fits	2460609.895404	60609.890825	0.098309	1.021425	2460609.890825
69	TOI3726v2-0242_L_bin4_out.fits	2460609.896021	60609.891442	0.098348	1.020848	2460609.891442
70	TOI3726v2-0243_L_bin4_out.fits	2460609.896639	60609.892060	0.097712	1.020280	2460609.892060
71	TOI3726v2-0244_L_bin4_out.fits	2460609.897256	60609.892678	0.098115	1.019724	2460609.892678
72	TOI3726v2-0245_L_bin4_out.fits	2460609.897872	60609.893294	0.098123	1.019179	2460609.893294
73	TOI3726v2-0246_L_bin4_out.fits	2460609.898488	60609.893910	0.097523	1.018645	2460609.893910
74	TOI3726v2-0247_L_bin4_out.fits	2460609.899105	60609.894527	0.097682	1.018121	2460609.894527
75	TOI3726v2-0248_L_bin4_out.fits	2460609.899722	60609.895144	0.097317	1.017608	2460609.895144
76	TOI3726v2-0249_L_bin4_out.fits	2460609.900339	60609.895760	0.097250	1.017106	2460609.895760
77	TOI3726v2-0252_L_bin4_out.fits	2460609.902192	60609.897613	0.097278	1.015660	2460609.897613
78	TOI3726v2-0254_L_bin4_out.fits	2460609.903425	60609.898846	0.097391	1.014751	2460609.898846
79	TOI3726v2-0258_L_bin4_out.fits	2460609.905891	60609.901312	0.096961	1.013058	2460609.901312
80	TOI3726v2-0259_L_bin4_out.fits	2460609.906509	60609.901930	0.096794	1.012660	2460609.901930
81	TOI3726v2-0261_L_bin4_out.fits	2460609.907744	60609.903165	0.096578	1.011896	2460609.903165
82	TOI3726v2-0262_L_bin4_out.fits	2460609.908360	60609.903781	0.096658	1.011531	2460609.903781
83	TOI3726v2-0264_L_bin4_out.fits	2460609.909595	60609.905015	0.096693	1.010829	2460609.905015
84	TOI3726v2-0265_L_bin4_out.fits	2460609.910210	60609.905631	0.096534	1.010495	2460609.905631
85	TOI3726v2-0266_L_bin4_out.fits	2460609.910827	60609.906247	0.096864	1.010170	2460609.906247
86	TOI3726v2-0267_L_bin4_out.fits	2460609.911445	60609.906865	0.096997	1.009856	2460609.906865
87	TOI3726v2-0268_L_bin4_out.fits	2460609.912062	60609.907482	0.096600	1.009551	2460609.907482
88	TOI3726v2-0269_L_bin4_out.fits	2460609.912679	60609.908100	0.096365	1.009257	2460609.908100
89	TOI3726v2-0271_L_bin4_out.fits	2460609.913914	60609.909334	0.096248	1.008700	2460609.909334
90	TOI3726v2-0272_L_bin4_out.fits	2460609.914531	60609.909951	0.096909	1.008437	2460609.909951
91	TOI3726v2-0273_L_bin4_out.fits	2460609.915147	60609.910567	0.096856	1.008185	2460609.910567
92	TOI3726v2-0276_L_bin4_out.fits	2460609.916997	60609.912417	0.096512	1.007488	2460609.912417
93	TOI3726v2-0279_L_bin4_out.fits	2460609.918849	60609.914269	0.096430	1.006882	2460609.914269
94	TOI3726v2-0280_L_bin4_out.fits	2460609.919465	60609.914885	0.096815	1.006700	2460609.914885
95	TOI3726v2-0281_L_bin4_out.fits	2460609.920097	60609.915517	0.096410	1.006525	2460609.915517
96	TOI3726v2-0282_L_bin4_out.fits	2460609.920714	60609.916134	0.096739	1.006364	2460609.916134
97	TOI3726v2-0283_L_bin4_out.fits	2460609.921331	60609.916751	0.096471	1.006213	2460609.916751
98	TOI3726v2-0284_L_bin4_out.fits	2460609.921951	60609.917371	0.096439	1.006072	2460609.917371
99	TOI3726v2-0285_L_bin4_out.fits	2460609.922571	60609.917990	0.096444	1.005940	2460609.917990
100	TOI3726v2-0286_L_bin4_out.fits	2460609.923189	60609.918609	0.096437	1.005820	2460609.918609
101	TOI3726v2-0287_L_bin4_out.fits	2460609.923810	60609.919230	0.096532	1.005709	2460609.919230
102	TOI3726v2-0288_L_bin4_out.fits	2460609.924429	60609.919849	0.096311	1.005608	2460609.919849
103	TOI3726v2-0289_L_bin4_out.fits	2460609.925048	60609.920468	0.096699	1.005518	2460609.920468
104	TOI3726v2-0291_L_bin4_out.fits	2460609.926285	60609.921704	0.096396	1.005368	2460609.921704
105	TOI3726v2-0293_L_bin4_out.fits	2460609.927523	60609.922943	0.096518	1.005259	2460609.922943
106	TOI3726v2-0294_L_bin4_out.fits	2460609.928142	60609.923562	0.096526	1.005219	2460609.923562
107	TOI3726v2-0295_L_bin4_out.fits	2460609.928763	60609.924182	0.096374	1.005190	2460609.924182
108	TOI3726v2-0296_L_bin4_out.fits	2460609.929382	60609.924802	0.096115	1.005171	2460609.924802
109	TOI3726v2-0298_L_bin4_out.fits	2460609.930623	60609.926042	0.096494	1.005163	2460609.926042
110	TOI3726v2-0300_L_bin4_out.fits	2460609.931858	60609.927277	0.096145	1.005195	2460609.927277
111	TOI3726v2-0303_L_bin4_out.fits	2460609.933716	60609.929135	0.095983	1.005321	2460609.929135
112	TOI3726v2-0304_L_bin4_out.fits	2460609.934336	60609.929755	0.096120	1.005383	2460609.929755
113	TOI3726v2-0305_L_bin4_out.fits	2460609.934957	60609.930376	0.096093	1.005455	2460609.930376
114	TOI3726v2-0306_L_bin4_out.fits	2460609.935576	60609.930995	0.096567	1.005538	2460609.930995
115	TOI3726v2-0307_L_bin4_out.fits	2460609.936195	60609.931614	0.096322	1.005630	2460609.931614
116	TOI3726v2-0309_L_bin4_out.fits	2460609.937432	60609.932851	0.096319	1.005846	2460609.932851
117	TOI3726v2-0310_L_bin4_out.fits	2460609.938051	60609.933470	0.096154	1.005969	2460609.933470
118	TOI3726v2-0312_L_bin4_out.fits	2460609.939291	60609.934710	0.096266	1.006246	2460609.934710
119	TOI3726v2-0315_L_bin4_out.fits	2460609.941149	60609.936568	0.096519	1.006738	2460609.936568
120	TOI3726v2-0316_L_bin4_out.fits	2460609.941769	60609.937187	0.096512	1.006922	2460609.937187
121	TOI3726v2-0317_L_bin4_out.fits	2460609.942388	60609.937807	0.095995	1.007117	2460609.937807
122	TOI3726v2-0319_L_bin4_out.fits	2460609.943625	60609.939044	0.096383	1.007537	2460609.939044
123	TOI3726v2-0322_L_bin4_out.fits	2460609.945485	60609.940903	0.096455	1.008244	2460609.940903
124	TOI3726v2-0323_L_bin4_out.fits	2460609.946106	60609.941524	0.096281	1.008501	2460609.941524
125	TOI3726v2-0324_L_bin4_out.fits	2460609.946739	60609.942158	0.096470	1.008774	2460609.942158
126	TOI3726v2-0325_L_bin4_out.fits	2460609.947359	60609.942777	0.096284	1.009051	2460609.942777
127	TOI3726v2-0326_L_bin4_out.fits	2460609.947978	60609.943396	0.095976	1.009339	2460609.943396
128	TOI3726v2-0327_L_bin4_out.fits	2460609.948597	60609.944014	0.096257	1.009636	2460609.944014
129	TOI3726v2-0329_L_bin4_out.fits	2460609.949833	60609.945251	0.096251	1.010262	2460609.945251
130	TOI3726v2-0330_L_bin4_out.fits	2460609.950452	60609.945870	0.096005	1.010591	2460609.945870
131	TOI3726v2-0331_L_bin4_out.fits	2460609.951072	60609.946489	0.096439	1.010930	2460609.946489
132	TOI3726v2-0332_L_bin4_out.fits	2460609.951690	60609.947107	0.095936	1.011279	2460609.947107
133	TOI3726v2-0333_L_bin4_out.fits	2460609.952309	60609.947727	0.096465	1.011640	2460609.947727
134	TOI3726v2-0335_L_bin4_out.fits	2460609.953544	60609.948961	0.096531	1.012389	2460609.948961
135	TOI3726v2-0336_L_bin4_out.fits	2460609.954162	60609.949579	0.096537	1.012779	2460609.949579
136	TOI3726v2-0338_L_bin4_out.fits	2460609.955400	60609.950817	0.096687	1.013594	2460609.950817
137	TOI3726v2-0339_L_bin4_out.fits	2460609.956019	60609.951436	0.096062	1.014016	2460609.951436
138	TOI3726v2-0341_L_bin4_out.fits	2460609.957255	60609.952672	0.096456	1.014892	2460609.952672
139	TOI3726v2-0342_L_bin4_out.fits	2460609.957873	60609.953290	0.096591	1.015346	2460609.953290
140	TOI3726v2-0343_L_bin4_out.fits	2460609.958491	60609.953908	0.096657	1.015810	2460609.953908
141	TOI3726v2-0344_L_bin4_out.fits	2460609.959109	60609.954526	0.096322	1.016286	2460609.954526
142	TOI3726v2-0345_L_bin4_out.fits	2460609.959727	60609.955144	0.096480	1.016771	2460609.955144
143	TOI3726v2-0348_L_bin4_out.fits	2460609.961584	60609.957001	0.096622	1.018294	2460609.957001
144	TOI3726v2-0349_L_bin4_out.fits	2460609.962204	60609.957621	0.096545	1.018824	2460609.957621
145	TOI3726v2-0351_L_bin4_out.fits	2460609.963440	60609.958857	0.096207	1.019914	2460609.958857
146	TOI3726v2-0352_L_bin4_out.fits	2460609.964058	60609.959475	0.096722	1.020474	2460609.959475
147	TOI3726v2-0353_L_bin4_out.fits	2460609.964676	60609.960093	0.096550	1.021046	2460609.960093
148	TOI3726v2-0354_L_bin4_out.fits	2460609.965295	60609.960711	0.096460	1.021629	2460609.960711
149	TOI3726v2-0355_L_bin4_out.fits	2460609.965913	60609.961330	0.096723	1.022222	2460609.961330
150	TOI3726v2-0358_L_bin4_out.fits	2460609.967771	60609.963187	0.096614	1.024071	2460609.963187
151	TOI3726v2-0360_L_bin4_out.fits	2460609.969008	60609.964424	0.096250	1.025358	2460609.964424
152	TOI3726v2-0363_L_bin4_out.fits	2460609.970862	60609.966279	0.096883	1.027369	2460609.966279
153	TOI3726v2-0364_L_bin4_out.fits	2460609.971481	60609.966897	0.096602	1.028062	2460609.966897
154	TOI3726v2-0366_L_bin4_out.fits	2460609.972719	60609.968135	0.096808	1.029483	2460609.968135
155	TOI3726v2-0367_L_bin4_out.fits	2460609.973339	60609.968755	0.096648	1.030212	2460609.968755
156	TOI3726v2-0371_L_bin4_out.fits	2460609.975811	60609.971227	0.096750	1.033229	2460609.971227
157	TOI3726v2-0372_L_bin4_out.fits	2460609.976429	60609.971845	0.096616	1.034012	2460609.971845
158	TOI3726v2-0373_L_bin4_out.fits	2460609.977047	60609.972463	0.097120	1.034807	2460609.972463
159	TOI3726v2-0374_L_bin4_out.fits	2460609.977665	60609.973081	0.097232	1.035613	2460609.973081
160	TOI3726v2-0375_L_bin4_out.fits	2460609.978284	60609.973700	0.097376	1.036431	2460609.973700
161	TOI3726v2-0376_L_bin4_out.fits	2460609.978904	60609.974320	0.096799	1.037263	2460609.974320
162	TOI3726v2-0377_L_bin4_out.fits	2460609.979522	60609.974938	0.097067	1.038103	2460609.974938
163	TOI3726v2-0382_L_bin4_out.fits	2460609.982613	60609.978029	0.097703	1.042484	2460609.978029
164	TOI3726v2-0383_L_bin4_out.fits	2460609.983231	60609.978647	0.097911	1.043395	2460609.978647
165	TOI3726v2-0384_L_bin4_out.fits	2460609.983850	60609.979265	0.097437	1.044319	2460609.979265
166	TOI3726v2-0387_L_bin4_out.fits	2460609.985705	60609.981120	0.097647	1.047162	2460609.981120
167	TOI3726v2-0388_L_bin4_out.fits	2460609.986323	60609.981738	0.098229	1.048133	2460609.981738
168	TOI3726v2-0390_L_bin4_out.fits	2460609.987560	60609.982975	0.097719	1.050114	2460609.982975
169	TOI3726v2-0393_L_bin4_out.fits	2460609.989415	60609.984830	0.098167	1.053176	2460609.984830
170	TOI3726v2-0395_L_bin4_out.fits	2460609.990653	60609.986068	0.098625	1.055281	2460609.986068
171	TOI3726v2-0396_L_bin4_out.fits	2460609.991271	60609.986686	0.098462	1.056351	2460609.986686
172	TOI3726v2-0397_L_bin4_out.fits	2460609.991889	60609.987304	0.098634	1.057434	2460609.987304
173	TOI3726v2-0398_L_bin4_out.fits	2460609.992508	60609.987923	0.098824	1.058530	2460609.987923
174	TOI3726v2-0400_L_bin4_out.fits	2460609.993744	60609.989159	0.098663	1.060759	2460609.989159
175	TOI3726v2-0401_L_bin4_out.fits	2460609.994371	60609.989786	0.098633	1.061907	2460609.989786
176	TOI3726v2-0404_L_bin4_out.fits	2460609.996227	60609.991642	0.098698	1.065389	2460609.991642
177	TOI3726v2-0405_L_bin4_out.fits	2460609.996845	60609.992260	0.098617	1.066574	2460609.992260
178	TOI3726v2-0407_L_bin4_out.fits	2460609.998080	60609.993494	0.098907	1.068980	2460609.993494
179	TOI3726v2-0408_L_bin4_out.fits	2460609.998697	60609.994112	0.098659	1.070204	2460609.994112
180	TOI3726v2-0409_L_bin4_out.fits	2460609.999316	60609.994731	0.098890	1.071443	2460609.994731
181	TOI3726v2-0410_L_bin4_out.fits	2460609.999934	60609.995349	0.098979	1.072694	2460609.995349
182	TOI3726v2-0411_L_bin4_out.fits	2460610.000554	60609.995969	0.099781	1.073962	2460609.995969
183	TOI3726v2-0412_L_bin4_out.fits	2460610.001173	60609.996587	0.099091	1.075241	2460609.996587
184	TOI3726v2-0413_L_bin4_out.fits	2460610.001792	60609.997207	0.100099	1.076535	2460609.997207
