#	Label	BJD_TDB	J.D.-2400000	rel_flux_T1	AIRMASS	JD_UTC
1	TOI3726v4-0201_R_bin4.fit	0.000000	60672.735391	0.082547		2460672.735391
2	TOI3726v4-0202_R_bin4.fit	0.000000	60672.736125	0.083089		2460672.736125
3	TOI3726v4-0203_R_bin4.fit	0.000000	60672.736858	0.082941		2460672.736858
4	TOI3726v4-0204_R_bin4.fit	0.000000	60672.737591	0.082957		2460672.737591
5	TOI3726v4-0205_R_bin4.fit	0.000000	60672.738324	0.082804		2460672.738324
6	TOI3726v4-0208_R_bin4.fit	0.000000	60672.740526	0.082559		2460672.740526
7	TOI3726v4-0210_R_bin4.fit	0.000000	60672.741992	0.083081		2460672.741992
8	TOI3726v4-0211_R_bin4.fit	0.000000	60672.742726	0.082325		2460672.742726
9	TOI3726v4-0212_R_bin4.fit	0.000000	60672.743458	0.082870		2460672.743458
10	TOI3726v4-0214_R_bin4.fit	0.000000	60672.744925	0.082831		2460672.744925
11	TOI3726v4-0216_R_bin4.fit	0.000000	60672.746392	0.082402		2460672.746392
12	TOI3726v4-0217_R_bin4.fit	0.000000	60672.747126	0.082907		2460672.747126
13	TOI3726v4-0219_R_bin4.fit	0.000000	60672.748593	0.082947		2460672.748593
14	TOI3726v4-0220_R_bin4.fit	0.000000	60672.749327	0.082613		2460672.749327
15	TOI3726v4-0221_R_bin4.fit	0.000000	60672.750061	0.082943		2460672.750061
16	TOI3726v4-0222_R_bin4.fit	0.000000	60672.750794	0.082687		2460672.750794
17	TOI3726v4-0223_R_bin4.fit	0.000000	60672.751526	0.083070		2460672.751526
18	TOI3726v4-0225_R_bin4.fit	0.000000	60672.752993	0.082586		2460672.752993
19	TOI3726v4-0226_R_bin4.fit	0.000000	60672.753727	0.082821		2460672.753727
20	TOI3726v4-0227_R_bin4.fit	0.000000	60672.754467	0.082488		2460672.754467
21	TOI3726v4-0228_R_bin4.fit	0.000000	60672.755206	0.082373		2460672.755206
22	TOI3726v4-0230_R_bin4.fit	0.000000	60672.756675	0.082880		2460672.756675
23	TOI3726v4-0231_R_bin4.fit	0.000000	60672.757410	0.082692		2460672.757410
24	TOI3726v4-0232_R_bin4.fit	0.000000	60672.758144	0.082433		2460672.758144
25	TOI3726v4-0233_R_bin4.fit	0.000000	60672.758877	0.082873		2460672.758877
26	TOI3726v4-0234_R_bin4.fit	0.000000	60672.759610	0.082808		2460672.759610
27	TOI3726v4-0235_R_bin4.fit	0.000000	60672.760344	0.082659		2460672.760344
28	TOI3726v4-0236_R_bin4.fit	0.000000	60672.761077	0.082982		2460672.761077
29	TOI3726v4-0237_R_bin4.fit	0.000000	60672.761810	0.082665		2460672.761810
30	TOI3726v4-0238_R_bin4.fit	0.000000	60672.762543	0.082827		2460672.762543
31	TOI3726v4-0239_R_bin4.fit	0.000000	60672.763277	0.082671		2460672.763277
32	TOI3726v4-0241_R_bin4.fit	0.000000	60672.764744	0.082577		2460672.764744
33	TOI3726v4-0242_R_bin4.fit	0.000000	60672.765478	0.083065		2460672.765478
34	TOI3726v4-0243_R_bin4.fit	0.000000	60672.766212	0.082828		2460672.766212
35	TOI3726v4-0247_R_bin4.fit	0.000000	60672.769144	0.082756		2460672.769144
36	TOI3726v4-0248_R_bin4.fit	0.000000	60672.769877	0.083017		2460672.769877
37	TOI3726v4-0251_R_bin4.fit	0.000000	60672.772077	0.083074		2460672.772077
38	TOI3726v4-0252_R_bin4.fit	0.000000	60672.772812	0.082874		2460672.772812
39	TOI3726v4-0254_R_bin4.fit	0.000000	60672.774280	0.082806		2460672.774280
40	TOI3726v4-0255_R_bin4.fit	0.000000	60672.775015	0.082560		2460672.775015
41	TOI3726v4-0256_R_bin4.fit	0.000000	60672.775749	0.082513		2460672.775749
42	TOI3726v4-0257_R_bin4.fit	0.000000	60672.776481	0.083078		2460672.776481
43	TOI3726v4-0258_R_bin4.fit	0.000000	60672.777214	0.082466		2460672.777214
44	TOI3726v4-0259_R_bin4.fit	0.000000	60672.777947	0.082686		2460672.777947
45	TOI3726v4-0260_R_bin4.fit	0.000000	60672.778680	0.082639		2460672.778680
46	TOI3726v4-0261_R_bin4.fit	0.000000	60672.779414	0.082751		2460672.779414
47	TOI3726v4-0262_R_bin4.fit	0.000000	60672.780147	0.083073		2460672.780147
48	TOI3726v4-0263_R_bin4.fit	0.000000	60672.780881	0.082918		2460672.780881
49	TOI3726v4-0265_R_bin4.fit	0.000000	60672.782347	0.082553		2460672.782347
50	TOI3726v4-0267_R_bin4.fit	0.000000	60672.783814	0.082920		2460672.783814
51	TOI3726v4-0268_R_bin4.fit	0.000000	60672.784547	0.082695		2460672.784547
52	TOI3726v4-0269_R_bin4.fit	0.000000	60672.785281	0.082470		2460672.785281
53	TOI3726v4-0270_R_bin4.fit	0.000000	60672.786015	0.082772		2460672.786015
54	TOI3726v4-0272_R_bin4.fit	0.000000	60672.787482	0.082798		2460672.787482
55	TOI3726v4-0273_R_bin4.fit	0.000000	60672.788215	0.082834		2460672.788215
56	TOI3726v4-0274_R_bin4.fit	0.000000	60672.788947	0.082989		2460672.788947
57	TOI3726v4-0275_R_bin4.fit	0.000000	60672.789680	0.082313		2460672.789680
58	TOI3726v4-0276_R_bin4.fit	0.000000	60672.790413	0.082520		2460672.790413
59	TOI3726v4-0278_R_bin4.fit	0.000000	60672.791880	0.082330		2460672.791880
60	TOI3726v4-0279_R_bin4.fit	0.000000	60672.792613	0.082785		2460672.792613
61	TOI3726v4-0280_R_bin4.fit	0.000000	60672.793346	0.082447		2460672.793346
62	TOI3726v4-0281_R_bin4.fit	0.000000	60672.794080	0.082700		2460672.794080
63	TOI3726v4-0282_R_bin4.fit	0.000000	60672.794816	0.082652		2460672.794816
64	TOI3726v4-0283_R_bin4.fit	0.000000	60672.795550	0.082705		2460672.795550
65	TOI3726v4-0284_R_bin4.fit	0.000000	60672.796284	0.082520		2460672.796284
66	TOI3726v4-0286_R_bin4.fit	0.000000	60672.797751	0.082875		2460672.797751
67	TOI3726v4-0287_R_bin4.fit	0.000000	60672.798485	0.082945		2460672.798485
68	TOI3726v4-0288_R_bin4.fit	0.000000	60672.799220	0.082796		2460672.799220
69	TOI3726v4-0289_R_bin4.fit	0.000000	60672.799953	0.082505		2460672.799953
70	TOI3726v4-0290_R_bin4.fit	0.000000	60672.800687	0.082626		2460672.800687
71	TOI3726v4-0291_R_bin4.fit	0.000000	60672.801421	0.082841		2460672.801421
72	TOI3726v4-0293_R_bin4.fit	0.000000	60672.802887	0.083052		2460672.802887
73	TOI3726v4-0296_R_bin4.fit	0.000000	60672.805086	0.082646		2460672.805086
74	TOI3726v4-0297_R_bin4.fit	0.000000	60672.805820	0.082749		2460672.805820
75	TOI3726v4-0300_R_bin4.fit	0.000000	60672.808021	0.082519		2460672.808021
76	TOI3726v4-0301_R_bin4.fit	0.000000	60672.808755	0.082690		2460672.808755
77	TOI3726v4-0304_R_bin4.fit	0.000000	60672.810958	0.082812		2460672.810958
78	TOI3726v4-0306_R_bin4.fit	0.000000	60672.812425	0.082441		2460672.812425
79	TOI3726v4-0307_R_bin4.fit	0.000000	60672.813158	0.082766		2460672.813158
80	TOI3726v4-0308_R_bin4.fit	0.000000	60672.813891	0.082665		2460672.813891
81	TOI3726v4-0309_R_bin4.fit	0.000000	60672.814623	0.082613		2460672.814623
82	TOI3726v4-0310_R_bin4.fit	0.000000	60672.815356	0.082262		2460672.815356
83	TOI3726v4-0311_R_bin4.fit	0.000000	60672.816090	0.082174		2460672.816090
84	TOI3726v4-0312_R_bin4.fit	0.000000	60672.816823	0.082405		2460672.816823
85	TOI3726v4-0314_R_bin4.fit	0.000000	60672.818292	0.082414		2460672.818292
86	TOI3726v4-0315_R_bin4.fit	0.000000	60672.819027	0.082540		2460672.819027
87	TOI3726v4-0316_R_bin4.fit	0.000000	60672.819762	0.082407		2460672.819762
88	TOI3726v4-0317_R_bin4.fit	0.000000	60672.820498	0.081794		2460672.820498
89	TOI3726v4-0318_R_bin4.fit	0.000000	60672.821234	0.081639		2460672.821234
90	TOI3726v4-0319_R_bin4.fit	0.000000	60672.821970	0.082078		2460672.821970
91	TOI3726v4-0320_R_bin4.fit	0.000000	60672.822707	0.081613		2460672.822707
92	TOI3726v4-0321_R_bin4.fit	0.000000	60672.823450	0.081540		2460672.823450
93	TOI3726v4-0323_R_bin4.fit	0.000000	60672.824924	0.081652		2460672.824924
94	TOI3726v4-0324_R_bin4.fit	0.000000	60672.825667	0.081803		2460672.825667
95	TOI3726v4-0325_R_bin4.fit	0.000000	60672.826404	0.081088		2460672.826404
96	TOI3726v4-0326_R_bin4.fit	0.000000	60672.827139	0.081418		2460672.827139
97	TOI3726v4-0328_R_bin4.fit	0.000000	60672.828610	0.080897		2460672.828610
98	TOI3726v4-0329_R_bin4.fit	0.000000	60672.829353	0.080843		2460672.829353
99	TOI3726v4-0330_R_bin4.fit	0.000000	60672.830090	0.080827		2460672.830090
100	TOI3726v4-0331_R_bin4.fit	0.000000	60672.830826	0.081143		2460672.830826
101	TOI3726v4-0332_R_bin4.fit	0.000000	60672.831562	0.081012		2460672.831562
102	TOI3726v4-0333_R_bin4.fit	0.000000	60672.832310	0.080581		2460672.832310
103	TOI3726v4-0334_R_bin4.fit	0.000000	60672.833046	0.080455		2460672.833046
104	TOI3726v4-0335_R_bin4.fit	0.000000	60672.833790	0.081122		2460672.833790
105	TOI3726v4-0336_R_bin4.fit	0.000000	60672.834526	0.080467		2460672.834526
106	TOI3726v4-0337_R_bin4.fit	0.000000	60672.835266	0.080843		2460672.835266
107	TOI3726v4-0338_R_bin4.fit	0.000000	60672.836011	0.080413		2460672.836011
108	TOI3726v4-0339_R_bin4.fit	0.000000	60672.836766	0.080863		2460672.836766
109	TOI3726v4-0341_R_bin4.fit	0.000000	60672.838234	0.080580		2460672.838234
110	TOI3726v4-0343_R_bin4.fit	0.000000	60672.839710	0.080594		2460672.839710
111	TOI3726v4-0344_R_bin4.fit	0.000000	60672.840447	0.080905		2460672.840447
112	TOI3726v4-0345_R_bin4.fit	0.000000	60672.841180	0.080668		2460672.841180
113	TOI3726v4-0346_R_bin4.fit	0.000000	60672.841920	0.080198		2460672.841920
114	TOI3726v4-0347_R_bin4.fit	0.000000	60672.842655	0.080332		2460672.842655
115	TOI3726v4-0348_R_bin4.fit	0.000000	60672.843402	0.080745		2460672.843402
116	TOI3726v4-0351_R_bin4.fit	0.000000	60672.845607	0.080161		2460672.845607
117	TOI3726v4-0352_R_bin4.fit	0.000000	60672.846347	0.080351		2460672.846347
118	TOI3726v4-0354_R_bin4.fit	0.000000	60672.847814	0.080153		2460672.847814
119	TOI3726v4-0357_R_bin4.fit	0.000000	60672.850027	0.080213		2460672.850027
120	TOI3726v4-0359_R_bin4.fit	0.000000	60672.851492	0.080218		2460672.851492
121	TOI3726v4-0360_R_bin4.fit	0.000000	60672.852231	0.080194		2460672.852231
122	TOI3726v4-0361_R_bin4.fit	0.000000	60672.852963	0.080634		2460672.852963
123	TOI3726v4-0362_R_bin4.fit	0.000000	60672.853696	0.080247		2460672.853696
124	TOI3726v4-0363_R_bin4.fit	0.000000	60672.854442	0.080636		2460672.854442
125	TOI3726v4-0364_R_bin4.fit	0.000000	60672.855177	0.080056		2460672.855177
126	TOI3726v4-0365_R_bin4.fit	0.000000	60672.855910	0.080265		2460672.855910
127	TOI3726v4-0368_R_bin4.fit	0.000000	60672.858110	0.080036		2460672.858110
128	TOI3726v4-0369_R_bin4.fit	0.000000	60672.858855	0.080345		2460672.858855
129	TOI3726v4-0370_R_bin4.fit	0.000000	60672.859594	0.080139		2460672.859594
130	TOI3726v4-0371_R_bin4.fit	0.000000	60672.860327	0.080664		2460672.860327
131	TOI3726v4-0372_R_bin4.fit	0.000000	60672.861062	0.080240		2460672.861062
132	TOI3726v4-0373_R_bin4.fit	0.000000	60672.861795	0.080076		2460672.861795
133	TOI3726v4-0374_R_bin4.fit	0.000000	60672.862528	0.080290		2460672.862528
134	TOI3726v4-0375_R_bin4.fit	0.000000	60672.863262	0.080227		2460672.863262
135	TOI3726v4-0376_R_bin4.fit	0.000000	60672.863996	0.080447		2460672.863996
136	TOI3726v4-0377_R_bin4.fit	0.000000	60672.864730	0.080110		2460672.864730
137	TOI3726v4-0379_R_bin4.fit	0.000000	60672.866205	0.080580		2460672.866205
138	TOI3726v4-0380_R_bin4.fit	0.000000	60672.866940	0.080618		2460672.866940
139	TOI3726v4-0381_R_bin4.fit	0.000000	60672.867676	0.080131		2460672.867676
140	TOI3726v4-0382_R_bin4.fit	0.000000	60672.868412	0.080015		2460672.868412
141	TOI3726v4-0383_R_bin4.fit	0.000000	60672.869148	0.080240		2460672.869148
142	TOI3726v4-0386_R_bin4.fit	0.000000	60672.871357	0.080046		2460672.871357
143	TOI3726v4-0387_R_bin4.fit	0.000000	60672.872094	0.080148		2460672.872094
144	TOI3726v4-0388_R_bin4.fit	0.000000	60672.872828	0.080437		2460672.872828
145	TOI3726v4-0389_R_bin4.fit	0.000000	60672.873564	0.079889		2460672.873564
146	TOI3726v4-0391_R_bin4.fit	0.000000	60672.875049	0.080446		2460672.875049
147	TOI3726v4-0392_R_bin4.fit	0.000000	60672.875785	0.080141		2460672.875785
148	TOI3726v4-0394_R_bin4.fit	0.000000	60672.877257	0.079874		2460672.877257
149	TOI3726v4-0396_R_bin4.fit	0.000000	60672.878729	0.079883		2460672.878729
150	TOI3726v4-0397_R_bin4.fit	0.000000	60672.879466	0.080658		2460672.879466
151	TOI3726v4-0398_R_bin4.fit	0.000000	60672.880204	0.080373		2460672.880204
152	TOI3726v4-0399_R_bin4.fit	0.000000	60672.880943	0.080415		2460672.880943
153	TOI3726v4-0401_R_bin4.fit	0.000000	60672.882418	0.080546		2460672.882418
154	TOI3726v4-0402_R_bin4.fit	0.000000	60672.883153	0.080323		2460672.883153
155	TOI3726v4-0403_R_bin4.fit	0.000000	60672.883889	0.080658		2460672.883889
156	TOI3726v4-0404_R_bin4.fit	0.000000	60672.884624	0.080681		2460672.884624
157	TOI3726v4-0405_R_bin4.fit	0.000000	60672.885360	0.080043		2460672.885360
158	TOI3726v4-0406_R_bin4.fit	0.000000	60672.886094	0.080436		2460672.886094
159	TOI3726v4-0407_R_bin4.fit	0.000000	60672.886828	0.080575		2460672.886828
160	TOI3726v4-0408_R_bin4.fit	0.000000	60672.887565	0.080429		2460672.887565
161	TOI3726v4-0410_R_bin4.fit	0.000000	60672.889044	0.080550		2460672.889044
162	TOI3726v4-0411_R_bin4.fit	0.000000	60672.889779	0.080283		2460672.889779
163	TOI3726v4-0412_R_bin4.fit	0.000000	60672.890517	0.080346		2460672.890517
164	TOI3726v4-0413_R_bin4.fit	0.000000	60672.891254	0.080593		2460672.891254
165	TOI3726v4-0414_R_bin4.fit	0.000000	60672.891989	0.080670		2460672.891989
166	TOI3726v4-0415_R_bin4.fit	0.000000	60672.892725	0.080188		2460672.892725
167	TOI3726v4-0416_R_bin4.fit	0.000000	60672.893463	0.080132		2460672.893463
168	TOI3726v4-0417_R_bin4.fit	0.000000	60672.894202	0.080603		2460672.894202
169	TOI3726v4-0420_R_bin4.fit	0.000000	60672.896408	0.080505		2460672.896408
170	TOI3726v4-0421_R_bin4.fit	0.000000	60672.897143	0.080665		2460672.897143
171	TOI3726v4-0422_R_bin4.fit	0.000000	60672.897879	0.080361		2460672.897879
172	TOI3726v4-0423_R_bin4.fit	0.000000	60672.898616	0.080487		2460672.898616
173	TOI3726v4-0424_R_bin4.fit	0.000000	60672.899351	0.080297		2460672.899351
174	TOI3726v4-0426_R_bin4.fit	0.000000	60672.900822	0.080735		2460672.900822
175	TOI3726v4-0428_R_bin4.fit	0.000000	60672.902292	0.080852		2460672.902292
176	TOI3726v4-0429_R_bin4.fit	0.000000	60672.903028	0.080574		2460672.903028
177	TOI3726v4-0430_R_bin4.fit	0.000000	60672.903764	0.080852		2460672.903764
178	TOI3726v4-0431_R_bin4.fit	0.000000	60672.904501	0.080566		2460672.904501
179	TOI3726v4-0432_R_bin4.fit	0.000000	60672.905237	0.081101		2460672.905237
180	TOI3726v4-0433_R_bin4.fit	0.000000	60672.905972	0.080688		2460672.905972
181	TOI3726v4-0434_R_bin4.fit	0.000000	60672.906708	0.080738		2460672.906708
182	TOI3726v4-0435_R_bin4.fit	0.000000	60672.907445	0.080760		2460672.907445
183	TOI3726v4-0436_R_bin4.fit	0.000000	60672.908181	0.080769		2460672.908181
184	TOI3726v4-0437_R_bin4.fit	0.000000	60672.908918	0.081495		2460672.908918
185	TOI3726v4-0439_R_bin4.fit	0.000000	60672.910390	0.080943		2460672.910390
186	TOI3726v4-0440_R_bin4.fit	0.000000	60672.911126	0.081503		2460672.911126
187	TOI3726v4-0441_R_bin4.fit	0.000000	60672.911862	0.081471		2460672.911862
188	TOI3726v4-0442_R_bin4.fit	0.000000	60672.912598	0.081317		2460672.912598
189	TOI3726v4-0443_R_bin4.fit	0.000000	60672.913335	0.081450		2460672.913335
190	TOI3726v4-0444_R_bin4.fit	0.000000	60672.914071	0.081816		2460672.914071
191	TOI3726v4-0447_R_bin4.fit	0.000000	60672.916281	0.081837		2460672.916281
192	TOI3726v4-0448_R_bin4.fit	0.000000	60672.917019	0.082441		2460672.917019
193	TOI3726v4-0452_R_bin4.fit	0.000000	60672.919980	0.082228		2460672.919980
194	TOI3726v4-0453_R_bin4.fit	0.000000	60672.920716	0.082472		2460672.920716
195	TOI3726v4-0454_R_bin4.fit	0.000000	60672.921452	0.082875		2460672.921452
196	TOI3726v4-0455_R_bin4.fit	0.000000	60672.922187	0.082678		2460672.922187
197	TOI3726v4-0457_R_bin4.fit	0.000000	60672.923658	0.082827		2460672.923658
198	TOI3726v4-0458_R_bin4.fit	0.000000	60672.924395	0.082684		2460672.924395
199	TOI3726v4-0461_R_bin4.fit	0.000000	60672.926605	0.082728		2460672.926605
200	TOI3726v4-0462_R_bin4.fit	0.000000	60672.927338	0.082785		2460672.927338
201	TOI3726v4-0464_R_bin4.fit	0.000000	60672.928804	0.082605		2460672.928804
202	TOI3726v4-0466_R_bin4.fit	0.000000	60672.930275	0.082595		2460672.930275
203	TOI3726v4-0467_R_bin4.fit	0.000000	60672.931008	0.082605		2460672.931008
204	TOI3726v4-0468_R_bin4.fit	0.000000	60672.931742	0.082402		2460672.931742
205	TOI3726v4-0469_R_bin4.fit	0.000000	60672.932474	0.082859		2460672.932474
206	TOI3726v4-0470_R_bin4.fit	0.000000	60672.933208	0.082717		2460672.933208
207	TOI3726v4-0471_R_bin4.fit	0.000000	60672.933941	0.082562		2460672.933941
208	TOI3726v4-0472_R_bin4.fit	0.000000	60672.934674	0.082902		2460672.934674
209	TOI3726v4-0474_R_bin4.fit	0.000000	60672.936142	0.082855		2460672.936142
210	TOI3726v4-0477_R_bin4.fit	0.000000	60672.938338	0.082356		2460672.938338
211	TOI3726v4-0479_R_bin4.fit	0.000000	60672.939805	0.082819		2460672.939805
212	TOI3726v4-0482_R_bin4.fit	0.000000	60672.942007	0.082503		2460672.942007
213	TOI3726v4-0483_R_bin4.fit	0.000000	60672.942745	0.082739		2460672.942745
214	TOI3726v4-0484_R_bin4.fit	0.000000	60672.943477	0.082766		2460672.943477
215	TOI3726v4-0485_R_bin4.fit	0.000000	60672.944211	0.082310		2460672.944211
216	TOI3726v4-0487_R_bin4.fit	0.000000	60672.945679	0.082842		2460672.945679
217	TOI3726v4-0488_R_bin4.fit	0.000000	60672.946413	0.082976		2460672.946413
218	TOI3726v4-0489_R_bin4.fit	0.000000	60672.947146	0.082770		2460672.947146
219	TOI3726v4-0490_R_bin4.fit	0.000000	60672.947880	0.082913		2460672.947880
220	TOI3726v4-0492_R_bin4.fit	0.000000	60672.949347	0.083012		2460672.949347
221	TOI3726v4-0493_R_bin4.fit	0.000000	60672.950080	0.082736		2460672.950080
222	TOI3726v4-0494_R_bin4.fit	0.000000	60672.950813	0.082469		2460672.950813
223	TOI3726v4-0495_R_bin4.fit	0.000000	60672.951546	0.082974		2460672.951546
224	TOI3726v4-0497_R_bin4.fit	0.000000	60672.953013	0.082336		2460672.953013
225	TOI3726v4-0499_R_bin4.fit	0.000000	60672.954481	0.082955		2460672.954481
226	TOI3726v4-0501_R_bin4.fit	0.000000	60672.955948	0.082564		2460672.955948
227	TOI3726v4-0502_R_bin4.fit	0.000000	60672.956692	0.082705		2460672.956692
228	TOI3726v4-0505_R_bin4.fit	0.000000	60672.958892	0.083064		2460672.958892
229	TOI3726v4-0506_R_bin4.fit	0.000000	60672.959626	0.082317		2460672.959626
230	TOI3726v4-0508_R_bin4.fit	0.000000	60672.961092	0.082826		2460672.961092
231	TOI3726v4-0509_R_bin4.fit	0.000000	60672.961825	0.082912		2460672.961825
232	TOI3726v4-0511_R_bin4.fit	0.000000	60672.963293	0.082704		2460672.963293
233	TOI3726v4-0512_R_bin4.fit	0.000000	60672.964027	0.082318		2460672.964027
234	TOI3726v4-0513_R_bin4.fit	0.000000	60672.964760	0.082337		2460672.964760
235	TOI3726v4-0514_R_bin4.fit	0.000000	60672.965501	0.082519		2460672.965501
236	TOI3726v4-0515_R_bin4.fit	0.000000	60672.966239	0.082607		2460672.966239
237	TOI3726v4-0520_R_bin4.fit	0.000000	60672.969904	0.082741		2460672.969904
238	TOI3726v4-0521_R_bin4.fit	0.000000	60672.970638	0.082989		2460672.970638
239	TOI3726v4-0522_R_bin4.fit	0.000000	60672.971370	0.082358		2460672.971370
240	TOI3726v4-0525_R_bin4.fit	0.000000	60672.973568	0.083087		2460672.973568
241	TOI3726v4-0526_R_bin4.fit	0.000000	60672.974302	0.082322		2460672.974302
242	TOI3726v4-0527_R_bin4.fit	0.000000	60672.975036	0.082334		2460672.975036
243	TOI3726v4-0528_R_bin4.fit	0.000000	60672.975768	0.082565		2460672.975768
244	TOI3726v4-0529_R_bin4.fit	0.000000	60672.976501	0.082707		2460672.976501
245	TOI3726v4-0530_R_bin4.fit	0.000000	60672.977233	0.082579		2460672.977233
246	TOI3726v4-0531_R_bin4.fit	0.000000	60672.977967	0.082721		2460672.977967
247	TOI3726v4-0532_R_bin4.fit	0.000000	60672.978701	0.082540		2460672.978701
248	TOI3726v4-0533_R_bin4.fit	0.000000	60672.979435	0.082534		2460672.979435
249	TOI3726v4-0534_R_bin4.fit	0.000000	60672.980169	0.082885		2460672.980169
250	TOI3726v4-0536_R_bin4.fit	0.000000	60672.981637	0.082381		2460672.981637
251	TOI3726v4-0537_R_bin4.fit	0.000000	60672.982370	0.082529		2460672.982370
252	TOI3726v4-0538_R_bin4.fit	0.000000	60672.983104	0.082460		2460672.983104
253	TOI3726v4-0539_R_bin4.fit	0.000000	60672.983837	0.082781		2460672.983837
254	TOI3726v4-0541_R_bin4.fit	0.000000	60672.985304	0.082871		2460672.985304
255	TOI3726v4-0543_R_bin4.fit	0.000000	60672.986772	0.082309		2460672.986772
256	TOI3726v4-0544_R_bin4.fit	0.000000	60672.987511	0.082420		2460672.987511
257	TOI3726v4-0545_R_bin4.fit	0.000000	60672.988249	0.083026		2460672.988249
258	TOI3726v4-0546_R_bin4.fit	0.000000	60672.988989	0.082725		2460672.988989
259	TOI3726v4-0547_R_bin4.fit	0.000000	60672.989726	0.082367		2460672.989726
260	TOI3726v4-0548_R_bin4.fit	0.000000	60672.990461	0.082766		2460672.990461
261	TOI3726v4-0549_R_bin4.fit	0.000000	60672.991202	0.082564		2460672.991202
262	TOI3726v4-0551_R_bin4.fit	0.000000	60672.992681	0.082566		2460672.992681
263	TOI3726v4-0552_R_bin4.fit	0.000000	60672.993419	0.082718		2460672.993419
264	TOI3726v4-0553_R_bin4.fit	0.000000	60672.994159	0.082380		2460672.994159
265	TOI3726v4-0555_R_bin4.fit	0.000000	60672.995638	0.082361		2460672.995638
266	TOI3726v4-0556_R_bin4.fit	0.000000	60672.996379	0.082743		2460672.996379
267	TOI3726v4-0557_R_bin4.fit	0.000000	60672.997120	0.082989		2460672.997120
