#	Label	BJD_TDB	J.D.-2400000	rel_flux_T1	AIRMASS	JD_UTC
1	aligned_TOI3726-0001_R_bin4_out.fits	2460580.770766	60580.768584	0.164414	2.564772	2460580.768584
2	aligned_TOI3726-0002_R_bin4_out.fits	2460580.771501	60580.769320	0.162764	2.545014	2460580.769320
3	aligned_TOI3726-0003_R_bin4_out.fits	2460580.772249	60580.770067	0.164465	2.525246	2460580.770067
4	aligned_TOI3726-0004_R_bin4_out.fits	2460580.772982	60580.770800	0.164125	2.506175	2460580.770800
5	aligned_TOI3726-0005_R_bin4_out.fits	2460580.773713	60580.771531	0.162949	2.487430	2460580.771531
6	aligned_TOI3726-0006_R_bin4_out.fits	2460580.774447	60580.772265	0.163769	2.468903	2460580.772265
7	aligned_TOI3726-0007_R_bin4_out.fits	2460580.775180	60580.772998	0.164037	2.450679	2460580.772998
8	aligned_TOI3726-0008_R_bin4_out.fits	2460580.775913	60580.773731	0.162747	2.432730	2460580.773731
9	aligned_TOI3726-0009_R_bin4_out.fits	2460580.776645	60580.774463	0.167107	2.415067	2460580.774463
10	aligned_TOI3726-0010_R_bin4_out.fits	2460580.777376	60580.775194	0.163883	2.397694	2460580.775194
11	aligned_TOI3726-0011_R_bin4_out.fits	2460580.778108	60580.775926	0.165190	2.380569	2460580.775926
12	aligned_TOI3726-0012_R_bin4_out.fits	2460580.778839	60580.776657	0.164021	2.363703	2460580.776657
13	aligned_TOI3726-0013_R_bin4_out.fits	2460580.779572	60580.777390	0.163800	2.347035	2460580.777390
14	aligned_TOI3726-0014_R_bin4_out.fits	2460580.780314	60580.778131	0.162545	2.330416	2460580.778131
15	aligned_TOI3726-0015_R_bin4_out.fits	2460580.781047	60580.778864	0.164559	2.314233	2460580.778864
16	aligned_TOI3726-0016_R_bin4_out.fits	2460580.781779	60580.779596	0.162592	2.298309	2460580.779596
17	aligned_TOI3726-0017_R_bin4_out.fits	2460580.782510	60580.780328	0.163141	2.282620	2460580.780328
18	aligned_TOI3726-0018_R_bin4_out.fits	2460580.783243	60580.781060	0.162909	2.267122	2460580.781060
19	aligned_TOI3726-0019_R_bin4_out.fits	2460580.783974	60580.781791	0.163233	2.251888	2460580.781791
20	aligned_TOI3726-0020_R_bin4_out.fits	2460580.784706	60580.782524	0.164609	2.236830	2460580.782524
21	aligned_TOI3726-0021_R_bin4_out.fits	2460580.785440	60580.783257	0.165476	2.221965	2460580.783257
22	aligned_TOI3726-0022_R_bin4_out.fits	2460580.786174	60580.783991	0.164219	2.207301	2460580.783991
23	aligned_TOI3726-0023_R_bin4_out.fits	2460580.786909	60580.784726	0.163617	2.192812	2460580.784726
24	aligned_TOI3726-0024_R_bin4_out.fits	2460580.787643	60580.785460	0.165468	2.178547	2460580.785460
25	aligned_TOI3726-0025_R_bin4_out.fits	2460580.788376	60580.786193	0.165567	2.164479	2460580.786193
26	aligned_TOI3726-0026_R_bin4_out.fits	2460580.789111	60580.786928	0.163954	2.150593	2460580.786928
27	aligned_TOI3726-0027_R_bin4_out.fits	2460580.789845	60580.787662	0.163898	2.136892	2460580.787662
28	aligned_TOI3726-0028_R_bin4_out.fits	2460580.790578	60580.788395	0.164186	2.123401	2460580.788395
29	aligned_TOI3726-0029_R_bin4_out.fits	2460580.791312	60580.789128	0.164444	2.110086	2460580.789128
30	aligned_TOI3726-0030_R_bin4_out.fits	2460580.792045	60580.789862	0.163932	2.096953	2460580.789862
31	aligned_TOI3726-0031_R_bin4_out.fits	2460580.792780	60580.790596	0.164156	2.083966	2460580.790596
32	aligned_TOI3726-0032_R_bin4_out.fits	2460580.793515	60580.791331	0.164478	2.071154	2460580.791331
33	aligned_TOI3726-0034_R_bin4_out.fits	2460580.794984	60580.792800	0.164483	2.046036	2460580.792800
34	aligned_TOI3726-0036_R_bin4_out.fits	2460580.796451	60580.794267	0.164094	2.021610	2460580.794267
35	aligned_TOI3726-0042_R_bin4_out.fits	2460580.800858	60580.798674	0.164340	1.951897	2460580.798674
36	aligned_TOI3726-0043_R_bin4_out.fits	2460580.801593	60580.799409	0.163900	1.940792	2460580.799409
37	aligned_TOI3726-0044_R_bin4_out.fits	2460580.802326	60580.800141	0.164398	1.929848	2460580.800141
38	aligned_TOI3726-0046_R_bin4_out.fits	2460580.803797	60580.801613	0.164256	1.908288	2460580.801613
39	aligned_TOI3726-0048_R_bin4_out.fits	2460580.805272	60580.803088	0.164333	1.887208	2460580.803088
40	aligned_TOI3726-0050_R_bin4_out.fits	2460580.806747	60580.804562	0.163904	1.866646	2460580.804562
41	aligned_TOI3726-0051_R_bin4_out.fits	2460580.807483	60580.805298	0.164385	1.856578	2460580.805298
42	aligned_TOI3726-0052_R_bin4_out.fits	2460580.808218	60580.806033	0.163886	1.846636	2460580.806033
43	aligned_TOI3726-0053_R_bin4_out.fits	2460580.808954	60580.806769	0.164198	1.836812	2460580.806769
44	aligned_TOI3726-0058_R_bin4_out.fits	2460580.812644	60580.810458	0.164066	1.789287	2460580.810458
45	aligned_TOI3726-0059_R_bin4_out.fits	2460580.813383	60580.811198	0.163996	1.780098	2460580.811198
46	aligned_TOI3726-0061_R_bin4_out.fits	2460580.814860	60580.812675	0.164500	1.762075	2460580.812675
47	aligned_TOI3726-0064_R_bin4_out.fits	2460580.817063	60580.814877	0.163968	1.735971	2460580.814877
48	aligned_TOI3726-0065_R_bin4_out.fits	2460580.817796	60580.815610	0.164279	1.727480	2460580.815610
49	aligned_TOI3726-0067_R_bin4_out.fits	2460580.819265	60580.817079	0.164336	1.710771	2460580.817079
50	aligned_TOI3726-0070_R_bin4_out.fits	2460580.821474	60580.819287	0.164202	1.686350	2460580.819287
51	aligned_TOI3726-0071_R_bin4_out.fits	2460580.822208	60580.820022	0.163708	1.678414	2460580.820022
52	aligned_TOI3726-0078_R_bin4_out.fits	2460580.827347	60580.825160	0.163998	1.625327	2460580.825160
53	aligned_TOI3726-0079_R_bin4_out.fits	2460580.828081	60580.825894	0.164518	1.618078	2460580.825894
54	aligned_TOI3726-0082_R_bin4_out.fits	2460580.830286	60580.828099	0.164480	1.596769	2460580.828099
55	aligned_TOI3726-0084_R_bin4_out.fits	2460580.831756	60580.829569	0.164537	1.582960	2460580.829569
56	aligned_TOI3726-0085_R_bin4_out.fits	2460580.832489	60580.830302	0.164230	1.576179	2460580.830302
57	aligned_TOI3726-0086_R_bin4_out.fits	2460580.833229	60580.831041	0.163613	1.569417	2460580.831041
58	aligned_TOI3726-0087_R_bin4_out.fits	2460580.833968	60580.831780	0.163673	1.562733	2460580.831780
59	aligned_TOI3726-0088_R_bin4_out.fits	2460580.834700	60580.832513	0.164167	1.556178	2460580.832513
60	aligned_TOI3726-0091_R_bin4_out.fits	2460580.836895	60580.834708	0.163798	1.536955	2460580.834708
61	aligned_TOI3726-0095_R_bin4_out.fits	2460580.839830	60580.837642	0.163534	1.512197	2460580.837642
62	aligned_TOI3726-0101_R_bin4_out.fits	2460580.844219	60580.842031	0.163847	1.477075	2460580.842031
63	aligned_TOI3726-0103_R_bin4_out.fits	2460580.845681	60580.843492	0.163437	1.465862	2460580.843492
64	aligned_TOI3726-0106_R_bin4_out.fits	2460580.847875	60580.845686	0.162552	1.449460	2460580.845686
65	aligned_TOI3726-0108_R_bin4_out.fits	2460580.849338	60580.847149	0.162542	1.438803	2460580.847149
66	aligned_TOI3726-0109_R_bin4_out.fits	2460580.850069	60580.847880	0.162457	1.433560	2460580.847880
67	aligned_TOI3726-0110_R_bin4_out.fits	2460580.850802	60580.848613	0.161711	1.428357	2460580.848613
68	aligned_TOI3726-0111_R_bin4_out.fits	2460580.851534	60580.849345	0.161629	1.423211	2460580.849345
69	aligned_TOI3726-0112_R_bin4_out.fits	2460580.852266	60580.850077	0.162215	1.418120	2460580.850077
70	aligned_TOI3726-0113_R_bin4_out.fits	2460580.852998	60580.850809	0.161702	1.413085	2460580.850809
71	aligned_TOI3726-0115_R_bin4_out.fits	2460580.854464	60580.852275	0.161221	1.403149	2460580.852275
72	aligned_TOI3726-0116_R_bin4_out.fits	2460580.855199	60580.853010	0.161612	1.398242	2460580.853010
73	aligned_TOI3726-0117_R_bin4_out.fits	2460580.855932	60580.853743	0.161052	1.393395	2460580.853743
74	aligned_TOI3726-0118_R_bin4_out.fits	2460580.856667	60580.854478	0.161290	1.388591	2460580.854478
75	aligned_TOI3726-0119_R_bin4_out.fits	2460580.857402	60580.855212	0.160819	1.383833	2460580.855212
76	aligned_TOI3726-0120_R_bin4_out.fits	2460580.858135	60580.855946	0.161149	1.379134	2460580.855946
77	aligned_TOI3726-0121_R_bin4_out.fits	2460580.858870	60580.856681	0.161167	1.374470	2460580.856681
78	aligned_TOI3726-0123_R_bin4_out.fits	2460580.860340	60580.858151	0.160282	1.365287	2460580.858151
79	aligned_TOI3726-0124_R_bin4_out.fits	2460580.861076	60580.858886	0.160333	1.360760	2460580.858886
80	aligned_TOI3726-0126_R_bin4_out.fits	2460580.862545	60580.860355	0.160374	1.351857	2460580.860355
81	aligned_TOI3726-0128_R_bin4_out.fits	2460580.864017	60580.861827	0.160703	1.343116	2460580.861827
82	aligned_TOI3726-0130_R_bin4_out.fits	2460580.865487	60580.863297	0.160471	1.334556	2460580.863297
83	aligned_TOI3726-0132_R_bin4_out.fits	2460580.866957	60580.864766	0.160077	1.326175	2460580.864766
84	aligned_TOI3726-0135_R_bin4_out.fits	2460580.869164	60580.866974	0.159765	1.313893	2460580.866974
85	aligned_TOI3726-0138_R_bin4_out.fits	2460580.871380	60580.869189	0.160016	1.301937	2460580.869189
86	aligned_TOI3726-0139_R_bin4_out.fits	2460580.872116	60580.869925	0.159871	1.298042	2460580.869925
87	aligned_TOI3726-0140_R_bin4_out.fits	2460580.872852	60580.870661	0.159724	1.294187	2460580.870661
88	aligned_TOI3726-0141_R_bin4_out.fits	2460580.873601	60580.871410	0.160057	1.290307	2460580.871410
89	aligned_TOI3726-0143_R_bin4_out.fits	2460580.875075	60580.872884	0.160074	1.282778	2460580.872884
90	aligned_TOI3726-0144_R_bin4_out.fits	2460580.875812	60580.873621	0.159551	1.279072	2460580.873621
91	aligned_TOI3726-0146_R_bin4_out.fits	2460580.877299	60580.875108	0.160244	1.271704	2460580.875108
92	aligned_TOI3726-0147_R_bin4_out.fits	2460580.878035	60580.875844	0.160054	1.268111	2460580.875844
93	aligned_TOI3726-0148_R_bin4_out.fits	2460580.878779	60580.876587	0.160219	1.264519	2460580.876587
94	aligned_TOI3726-0151_R_bin4_out.fits	2460580.881090	60580.878898	0.159503	1.253584	2460580.878898
95	aligned_TOI3726-0152_R_bin4_out.fits	2460580.881826	60580.879635	0.160248	1.250170	2460580.879635
96	aligned_TOI3726-0153_R_bin4_out.fits	2460580.882575	60580.880383	0.160285	1.246736	2460580.880383
97	aligned_TOI3726-0157_R_bin4_out.fits	2460580.885529	60580.883337	0.160104	1.233519	2460580.883337
98	aligned_TOI3726-0159_R_bin4_out.fits	2460580.887001	60580.884809	0.160246	1.227132	2460580.884809
99	aligned_TOI3726-0164_R_bin4_out.fits	2460580.890681	60580.888488	0.159525	1.211711	2460580.888488
100	aligned_TOI3726-0165_R_bin4_out.fits	2460580.891422	60580.889230	0.159781	1.208697	2460580.889230
101	aligned_TOI3726-0169_R_bin4_out.fits	2460580.894370	60580.892177	0.159798	1.197013	2460580.892177
102	aligned_TOI3726-0170_R_bin4_out.fits	2460580.895103	60580.892911	0.159524	1.194179	2460580.892911
103	aligned_TOI3726-0172_R_bin4_out.fits	2460580.896572	60580.894379	0.159347	1.188590	2460580.894379
104	aligned_TOI3726-0175_R_bin4_out.fits	2460580.898787	60580.896593	0.160072	1.180376	2460580.896593
105	aligned_TOI3726-0177_R_bin4_out.fits	2460580.900257	60580.898064	0.160139	1.175060	2460580.898064
106	aligned_TOI3726-0178_R_bin4_out.fits	2460580.900991	60580.898798	0.159416	1.172447	2460580.898798
107	aligned_TOI3726-0179_R_bin4_out.fits	2460580.901732	60580.899538	0.159310	1.169837	2460580.899538
108	aligned_TOI3726-0181_R_bin4_out.fits	2460580.903227	60580.901034	0.159810	1.164650	2460580.901034
109	aligned_TOI3726-0183_R_bin4_out.fits	2460580.904699	60580.902505	0.159489	1.159652	2460580.902505
110	aligned_TOI3726-0184_R_bin4_out.fits	2460580.905446	60580.903252	0.159431	1.157153	2460580.903252
111	aligned_TOI3726-0186_R_bin4_out.fits	2460580.906919	60580.904725	0.160200	1.152306	2460580.904725
112	aligned_TOI3726-0188_R_bin4_out.fits	2460580.908398	60580.906204	0.160054	1.147538	2460580.906204
113	aligned_TOI3726-0189_R_bin4_out.fits	2460580.909138	60580.906944	0.159375	1.145190	2460580.906944
114	aligned_TOI3726-0190_R_bin4_out.fits	2460580.909878	60580.907684	0.159563	1.142868	2460580.907684
115	aligned_TOI3726-0191_R_bin4_out.fits	2460580.910614	60580.908420	0.159394	1.140584	2460580.908420
116	aligned_TOI3726-0192_R_bin4_out.fits	2460580.911350	60580.909155	0.159958	1.138324	2460580.909155
117	aligned_TOI3726-0195_R_bin4_out.fits	2460580.913557	60580.911362	0.159436	1.131686	2460580.911362
118	aligned_TOI3726-0196_R_bin4_out.fits	2460580.914293	60580.912099	0.160144	1.129519	2460580.912099
119	aligned_TOI3726-0198_R_bin4_out.fits	2460580.915771	60580.913576	0.160176	1.125241	2460580.913576
120	aligned_TOI3726-0199_R_bin4_out.fits	2460580.916507	60580.914313	0.159918	1.123143	2460580.914313
121	aligned_TOI3726-0200_R_bin4_out.fits	2460580.917242	60580.915047	0.159706	1.121074	2460580.915047
122	aligned_TOI3726-0201_R_bin4_out.fits	2460580.917977	60580.915782	0.160416	1.119026	2460580.915782
123	aligned_TOI3726-0206_R_bin4_out.fits	2460580.921673	60580.919477	0.159847	1.109063	2460580.919477
124	aligned_TOI3726-0208_R_bin4_out.fits	2460580.923142	60580.920947	0.160542	1.105254	2460580.920947
125	aligned_TOI3726-0209_R_bin4_out.fits	2460580.923879	60580.921684	0.159749	1.103376	2460580.921684
126	aligned_TOI3726-0210_R_bin4_out.fits	2460580.924615	60580.922420	0.160215	1.101522	2460580.922420
127	aligned_TOI3726-0211_R_bin4_out.fits	2460580.925350	60580.923155	0.159786	1.099692	2460580.923155
128	aligned_TOI3726-0212_R_bin4_out.fits	2460580.926085	60580.923890	0.159977	1.097882	2460580.923890
129	aligned_TOI3726-0216_R_bin4_out.fits	2460580.929034	60580.926838	0.157769	1.090831	2460580.926838
130	aligned_TOI3726-0217_R_bin4_out.fits	2460580.929771	60580.927575	0.159005	1.089120	2460580.927575
131	aligned_TOI3726-0218_R_bin4_out.fits	2460580.930509	60580.928312	0.156250	1.087428	2460580.928312
132	aligned_TOI3726-0219_R_bin4_out.fits	2460580.931254	60580.929058	0.161022	1.085738	2460580.929058
133	aligned_TOI3726-0220_R_bin4_out.fits	2460580.931994	60580.929798	0.159256	1.084080	2460580.929798
134	aligned_TOI3726-0221_R_bin4_out.fits	2460580.932729	60580.930533	0.160624	1.082454	2460580.930533
135	aligned_TOI3726-0222_R_bin4_out.fits	2460580.933466	60580.931269	0.157709	1.080844	2460580.931269
136	aligned_TOI3726-0223_R_bin4_out.fits	2460580.934206	60580.932009	0.160695	1.079247	2460580.932009
